21 74
21 75
21 76
22 72
22 73
22 77
22 78
23 70
23 71
23 79
23 80
24 69
24 81
25 67
25 68
25 82
25 83
26 65
26 66
26 84
26 85
27 63
27 64
27 86
27 87
28 62
28 88
29 60
29 61
29 89
29 90
30 58
30 59
30 91
30 92
31 56
31 57
31 93
31 94
32 55
32 95
33 53
33 54
33 96
33 97
34 51
34 52
34 98
34 99
35 50
35 100
36 48
36 49
36 101
36 102
37 46
37 47
37 103
37 104
38 44
38 45
38 105
38 106
39 43
39 107
40 41
40 42
40 108
40 109
41 39
41 40
41 110
41 111
42 37
42 38
42 112
42 113
43 36
43 114
44 34
44 35
44 115
44 116
45 32
45 33
45 117
45 118
46 30
46 31
46 119
46 120
47 29
47 121
48 28
48 122
49 28
49 122
50 28
50 122
51 28
51 122
52 28
52 122
53 28
53 122
54 28
54 122
55 28
55 122
56 28
56 122
57 28
57 122
58 28
58 122
59 28
59 122
60 28
60 122
61 28
61 122
62 28
62 122
63 28
63 122
64 28
64 122
65 28
65 122
66 28
66 122
67 28
67 122
68 28
68 122
69 28
69 122
70 28
70 122
71 28
71 122
72 28
72 122
73 28
73 122
74 28
74 122
75 28
75 122
76 28
76 122
77 28
77 122
78 28
78 122
79 28
79 122
80 28
80 122
81 28
81 122
82 28
82 122
83 28
83 122
84 28
84 122
85 28
85 122
86 28
86 122
87 28
87 122
88 28
88 122
89 28
89 122
90 28
90 122
91 28
91 122
92 28
92 122
93 28
93 122
94 28
94 122
95 28
95 122
96 28
96 122
97 28
97 122
98 28
98 122
99 28
99 122
100 28
100 122
101 28
101 122
102 28
102 122
103 29
103 30
103 120
103 121
104 31
104 119
105 32
105 33
105 117
105 118
106 34
106 35
106 115
106 116
107 36
107 114
108 37
108 38
108 112
108 113
109 39
109 40
109 110
109 111
110 41
110 42
110 108
110 109
111 43
111 107
112 44
112 45
112 105
112 106
113 46
113 47
113 103
113 104
114 48
114 49
114 101
114 102
115 50
115 100
116 51
116 52
116 98
116 99
117 53
117 54
117 96
117 97
118 55
118 94
118 95
119 56
119 57
119 93
120 58
120 59
120 91
120 92
121 60
121 61
121 89
121 90
122 62
122 88
123 63
123 64
123 86
123 87
124 65
124 66
124 84
124 85
125 67
125 68
125 82
125 83
126 69
126 81
127 70
127 71
127 79
127 80
128 72
128 73
128 77
128 78
129 74
129 75
129 76
