-23 -23 0
-23 -22 0
-23 -21 0
-23 -20 0
-23 -19 0
-23 -18 0
-23 -17 0
-23 -16 0
-23 -15 0
-23 -14 0
-23 -13 0
-23 -12 0
-23 -11 0
-23 -10 0
-23 -9 0
-23 -8 0
-23 -7 0
-23 -6 0
-23 -5 0
-23 -4 0
-23 -3 0
-23 -2 0
-23 -1 0
-23 0 0
-23 1 0
-23 2 0
-23 3 0
-23 4 0
-23 5 0
-23 6 0
-23 7 0
-23 8 0
-23 9 0
-23 10 0
-23 11 0
-23 12 0
-23 13 0
-23 14 0
-23 15 0
-23 16 0
-23 17 0
-23 18 0
-23 19 0
-23 20 0
-23 21 0
-23 22 0
-23 23 0
-22 -23 0
-22 -22 0
-22 -22 1
-22 -22 2
-22 -21 0
-22 -21 1
-22 -21 2
-22 -20 0
-22 -20 1
-22 -20 2
-22 -19 0
-22 -19 1
-22 -19 2
-22 -18 0
-22 -18 1
-22 -18 2
-22 -17 0
-22 -17 1
-22 -17 2
-22 -16 0
-22 -16 1
-22 -16 2
-22 -15 0
-22 -15 1
-22 -15 2
-22 -14 0
-22 -14 1
-22 -14 2
-22 -13 0
-22 -13 1
-22 -13 2
-22 -12 0
-22 -12 1
-22 -12 2
-22 -11 0
-22 -11 1
-22 -11 2
-22 -10 0
-22 -10 1
-22 -10 2
-22 -9 0
-22 -9 1
-22 -9 2
-22 -8 0
-22 -8 1
-22 -8 2
-22 -7 0
-22 -7 1
-22 -7 2
-22 -6 0
-22 -6 1
-22 -6 2
-22 -5 0
-22 -5 1
-22 -5 2
-22 -4 0
-22 -4 1
-22 -4 2
-22 -3 0
-22 -3 1
-22 -3 2
-22 -2 0
-22 -2 1
-22 -2 2
-22 -1 0
-22 -1 1
-22 -1 2
-22 0 0
-22 0 1
-22 0 2
-22 1 0
-22 1 1
-22 1 2
-22 2 0
-22 2 1
-22 2 2
-22 3 0
-22 3 1
-22 3 2
-22 4 0
-22 4 1
-22 4 2
-22 5 0
-22 5 1
-22 5 2
-22 6 0
-22 6 1
-22 6 2
-22 7 0
-22 7 1
-22 7 2
-22 8 0
-22 8 1
-22 8 2
-22 9 0
-22 9 1
-22 9 2
-22 10 0
-22 10 1
-22 10 2
-22 11 0
-22 11 1
-22 11 2
-22 12 0
-22 12 1
-22 12 2
-22 13 0
-22 13 1
-22 13 2
-22 14 0
-22 14 1
-22 14 2
-22 15 0
-22 15 1
-22 15 2
-22 16 0
-22 16 1
-22 16 2
-22 17 0
-22 17 1
-22 17 2
-22 18 0
-22 18 1
-22 18 2
-22 19 0
-22 19 1
-22 19 2
-22 20 0
-22 20 1
-22 20 2
-22 21 0
-22 21 1
-22 21 2
-22 22 0
-22 22 1
-22 22 2
-22 23 0
-21 -23 0
-21 -22 0
-21 -22 1
-21 -22 2
-21 -21 0
-21 -21 3
-21 -21 4
-21 -20 0
-21 -20 3
-21 -20 4
-21 -19 0
-21 -19 3
-21 -19 4
-21 -18 0
-21 -18 3
-21 -18 4
-21 -17 0
-21 -17 3
-21 -17 4
-21 -16 0
-21 -16 3
-21 -16 4
-21 -15 0
-21 -15 3
-21 -15 4
-21 -14 0
-21 -14 3
-21 -14 4
-21 -13 0
-21 -13 3
-21 -13 4
-21 -12 0
-21 -12 3
-21 -12 4
-21 -11 0
-21 -11 3
-21 -11 4
-21 -10 0
-21 -10 3
-21 -10 4
-21 -9 0
-21 -9 3
-21 -9 4
-21 -8 0
-21 -8 3
-21 -8 4
-21 -7 0
-21 -7 3
-21 -7 4
-21 -6 0
-21 -6 3
-21 -6 4
-21 -5 0
-21 -5 3
-21 -5 4
-21 -4 0
-21 -4 3
-21 -4 4
-21 -3 0
-21 -3 3
-21 -3 4
-21 -2 0
-21 -2 3
-21 -2 4
-21 -1 0
-21 -1 3
-21 -1 4
-21 0 0
-21 0 3
-21 0 4
-21 1 0
-21 1 3
-21 1 4
-21 2 0
-21 2 3
-21 2 4
-21 3 0
-21 3 3
-21 3 4
-21 4 0
-21 4 3
-21 4 4
-21 5 0
-21 5 3
-21 5 4
-21 6 0
-21 6 3
-21 6 4
-21 7 0
-21 7 3
-21 7 4
-21 8 0
-21 8 3
-21 8 4
-21 9 0
-21 9 3
-21 9 4
-21 10 0
-21 10 3
-21 10 4
-21 11 0
-21 11 3
-21 11 4
-21 12 0
-21 12 3
-21 12 4
-21 13 0
-21 13 3
-21 13 4
-21 14 0
-21 14 3
-21 14 4
-21 15 0
-21 15 3
-21 15 4
-21 16 0
-21 16 3
-21 16 4
-21 17 0
-21 17 3
-21 17 4
-21 18 0
-21 18 3
-21 18 4
-21 19 0
-21 19 3
-21 19 4
-21 20 0
-21 20 3
-21 20 4
-21 21 0
-21 21 3
-21 21 4
-21 22 0
-21 22 1
-21 22 2
-21 23 0
-20 -23 0
-20 -22 0
-20 -22 1
-20 -22 2
-20 -21 0
-20 -21 3
-20 -21 4
-20 -20 0
-20 -20 5
-20 -20 6
-20 -19 0
-20 -19 5
-20 -19 6
-20 -18 0
-20 -18 5
-20 -18 6
-20 -17 0
-20 -17 5
-20 -17 6
-20 -16 0
-20 -16 5
-20 -16 6
-20 -15 0
-20 -15 5
-20 -15 6
-20 -14 0
-20 -14 5
-20 -14 6
-20 -13 0
-20 -13 5
-20 -13 6
-20 -12 0
-20 -12 5
-20 -12 6
-20 -11 0
-20 -11 5
-20 -11 6
-20 -10 0
-20 -10 5
-20 -10 6
-20 -9 0
-20 -9 5
-20 -9 6
-20 -8 0
-20 -8 5
-20 -8 6
-20 -7 0
-20 -7 5
-20 -7 6
-20 -6 0
-20 -6 5
-20 -6 6
-20 -5 0
-20 -5 5
-20 -5 6
-20 -4 0
-20 -4 5
-20 -4 6
-20 -3 0
-20 -3 5
-20 -3 6
-20 -2 0
-20 -2 5
-20 -2 6
-20 -1 0
-20 -1 5
-20 -1 6
-20 0 0
-20 0 5
-20 0 6
-20 1 0
-20 1 5
-20 1 6
-20 2 0
-20 2 5
-20 2 6
-20 3 0
-20 3 5
-20 3 6
-20 4 0
-20 4 5
-20 4 6
-20 5 0
-20 5 5
-20 5 6
-20 6 0
-20 6 5
-20 6 6
-20 7 0
-20 7 5
-20 7 6
-20 8 0
-20 8 5
-20 8 6
-20 9 0
-20 9 5
-20 9 6
-20 10 0
-20 10 5
-20 10 6
-20 11 0
-20 11 5
-20 11 6
-20 12 0
-20 12 5
-20 12 6
-20 13 0
-20 13 5
-20 13 6
-20 14 0
-20 14 5
-20 14 6
-20 15 0
-20 15 5
-20 15 6
-20 16 0
-20 16 5
-20 16 6
-20 17 0
-20 17 5
-20 17 6
-20 18 0
-20 18 5
-20 18 6
-20 19 0
-20 19 5
-20 19 6
-20 20 0
-20 20 5
-20 20 6
-20 21 0
-20 21 3
-20 21 4
-20 22 0
-20 22 1
-20 22 2
-20 23 0
-19 -23 0
-19 -22 0
-19 -22 1
-19 -22 2
-19 -21 0
-19 -21 3
-19 -21 4
-19 -20 0
-19 -20 5
-19 -20 6
-19 -19 0
-19 -19 7
-19 -19 8
-19 -18 0
-19 -18 7
-19 -18 8
-19 -17 0
-19 -17 7
-19 -17 8
-19 -16 0
-19 -16 7
-19 -16 8
-19 -15 0
-19 -15 7
-19 -15 8
-19 -14 0
-19 -14 7
-19 -14 8
-19 -13 0
-19 -13 7
-19 -13 8
-19 -12 0
-19 -12 7
-19 -12 8
-19 -11 0
-19 -11 7
-19 -11 8
-19 -10 0
-19 -10 7
-19 -10 8
-19 -9 0
-19 -9 7
-19 -9 8
-19 -8 0
-19 -8 7
-19 -8 8
-19 -7 0
-19 -7 7
-19 -7 8
-19 -6 0
-19 -6 7
-19 -6 8
-19 -5 0
-19 -5 7
-19 -5 8
-19 -4 0
-19 -4 7
-19 -4 8
-19 -3 0
-19 -3 7
-19 -3 8
-19 -2 0
-19 -2 7
-19 -2 8
-19 -1 0
-19 -1 7
-19 -1 8
-19 0 0
-19 0 7
-19 0 8
-19 1 0
-19 1 7
-19 1 8
-19 2 0
-19 2 7
-19 2 8
-19 3 0
-19 3 7
-19 3 8
-19 4 0
-19 4 7
-19 4 8
-19 5 0
-19 5 7
-19 5 8
-19 6 0
-19 6 7
-19 6 8
-19 7 0
-19 7 7
-19 7 8
-19 8 0
-19 8 7
-19 8 8
-19 9 0
-19 9 7
-19 9 8
-19 10 0
-19 10 7
-19 10 8
-19 11 0
-19 11 7
-19 11 8
-19 12 0
-19 12 7
-19 12 8
-19 13 0
-19 13 7
-19 13 8
-19 14 0
-19 14 7
-19 14 8
-19 15 0
-19 15 7
-19 15 8
-19 16 0
-19 16 7
-19 16 8
-19 17 0
-19 17 7
-19 17 8
-19 18 0
-19 18 7
-19 18 8
-19 19 0
-19 19 7
-19 19 8
-19 20 0
-19 20 5
-19 20 6
-19 21 0
-19 21 3
-19 21 4
-19 22 0
-19 22 1
-19 22 2
-19 23 0
-18 -23 0
-18 -22 0
-18 -22 1
-18 -22 2
-18 -21 0
-18 -21 3
-18 -21 4
-18 -20 0
-18 -20 5
-18 -20 6
-18 -19 0
-18 -19 7
-18 -19 8
-18 -18 0
-18 -18 9
-18 -18 10
-18 -17 0
-18 -17 9
-18 -17 10
-18 -16 0
-18 -16 9
-18 -16 10
-18 -15 0
-18 -15 9
-18 -15 10
-18 -14 0
-18 -14 9
-18 -14 10
-18 -13 0
-18 -13 9
-18 -13 10
-18 -12 0
-18 -12 9
-18 -12 10
-18 -11 0
-18 -11 9
-18 -11 10
-18 -10 0
-18 -10 9
-18 -10 10
-18 -9 0
-18 -9 9
-18 -9 10
-18 -8 0
-18 -8 9
-18 -8 10
-18 -7 0
-18 -7 9
-18 -7 10
-18 -6 0
-18 -6 9
-18 -6 10
-18 -5 0
-18 -5 9
-18 -5 10
-18 -4 0
-18 -4 9
-18 -4 10
-18 -3 0
-18 -3 9
-18 -3 10
-18 -2 0
-18 -2 9
-18 -2 10
-18 -1 0
-18 -1 9
-18 -1 10
-18 0 0
-18 0 9
-18 0 10
-18 1 0
-18 1 9
-18 1 10
-18 2 0
-18 2 9
-18 2 10
-18 3 0
-18 3 9
-18 3 10
-18 4 0
-18 4 9
-18 4 10
-18 5 0
-18 5 9
-18 5 10
-18 6 0
-18 6 9
-18 6 10
-18 7 0
-18 7 9
-18 7 10
-18 8 0
-18 8 9
-18 8 10
-18 9 0
-18 9 9
-18 9 10
-18 10 0
-18 10 9
-18 10 10
-18 11 0
-18 11 9
-18 11 10
-18 12 0
-18 12 9
-18 12 10
-18 13 0
-18 13 9
-18 13 10
-18 14 0
-18 14 9
-18 14 10
-18 15 0
-18 15 9
-18 15 10
-18 16 0
-18 16 9
-18 16 10
-18 17 0
-18 17 9
-18 17 10
-18 18 0
-18 18 9
-18 18 10
-18 19 0
-18 19 7
-18 19 8
-18 20 0
-18 20 5
-18 20 6
-18 21 0
-18 21 3
-18 21 4
-18 22 0
-18 22 1
-18 22 2
-18 23 0
-17 -23 0
-17 -22 0
-17 -22 1
-17 -22 2
-17 -21 0
-17 -21 3
-17 -21 4
-17 -20 0
-17 -20 5
-17 -20 6
-17 -19 0
-17 -19 7
-17 -19 8
-17 -18 0
-17 -18 9
-17 -18 10
-17 -17 0
-17 -17 11
-17 -17 12
-17 -16 0
-17 -16 11
-17 -16 12
-17 -15 0
-17 -15 11
-17 -15 12
-17 -14 0
-17 -14 11
-17 -14 12
-17 -13 0
-17 -13 11
-17 -13 12
-17 -12 0
-17 -12 11
-17 -12 12
-17 -11 0
-17 -11 11
-17 -11 12
-17 -10 0
-17 -10 11
-17 -10 12
-17 -9 0
-17 -9 11
-17 -9 12
-17 -8 0
-17 -8 11
-17 -8 12
-17 -7 0
-17 -7 11
-17 -7 12
-17 -6 0
-17 -6 11
-17 -6 12
-17 -5 0
-17 -5 11
-17 -5 12
-17 -4 0
-17 -4 11
-17 -4 12
-17 -3 0
-17 -3 11
-17 -3 12
-17 -2 0
-17 -2 11
-17 -2 12
-17 -1 0
-17 -1 11
-17 -1 12
-17 0 0
-17 0 11
-17 0 12
-17 1 0
-17 1 11
-17 1 12
-17 2 0
-17 2 11
-17 2 12
-17 3 0
-17 3 11
-17 3 12
-17 4 0
-17 4 11
-17 4 12
-17 5 0
-17 5 11
-17 5 12
-17 6 0
-17 6 11
-17 6 12
-17 7 0
-17 7 11
-17 7 12
-17 8 0
-17 8 11
-17 8 12
-17 9 0
-17 9 11
-17 9 12
-17 10 0
-17 10 11
-17 10 12
-17 11 0
-17 11 11
-17 11 12
-17 12 0
-17 12 11
-17 12 12
-17 13 0
-17 13 11
-17 13 12
-17 14 0
-17 14 11
-17 14 12
-17 15 0
-17 15 11
-17 15 12
-17 16 0
-17 16 11
-17 16 12
-17 17 0
-17 17 11
-17 17 12
-17 18 0
-17 18 9
-17 18 10
-17 19 0
-17 19 7
-17 19 8
-17 20 0
-17 20 5
-17 20 6
-17 21 0
-17 21 3
-17 21 4
-17 22 0
-17 22 1
-17 22 2
-17 23 0
-16 -23 0
-16 -22 0
-16 -22 1
-16 -22 2
-16 -21 0
-16 -21 3
-16 -21 4
-16 -20 0
-16 -20 5
-16 -20 6
-16 -19 0
-16 -19 7
-16 -19 8
-16 -18 0
-16 -18 9
-16 -18 10
-16 -17 0
-16 -17 11
-16 -17 12
-16 -16 0
-16 -16 13
-16 -16 14
-16 -15 0
-16 -15 13
-16 -15 14
-16 -14 0
-16 -14 13
-16 -14 14
-16 -13 0
-16 -13 13
-16 -13 14
-16 -12 0
-16 -12 13
-16 -12 14
-16 -11 0
-16 -11 13
-16 -11 14
-16 -10 0
-16 -10 13
-16 -10 14
-16 -9 0
-16 -9 13
-16 -9 14
-16 -8 0
-16 -8 13
-16 -8 14
-16 -7 0
-16 -7 13
-16 -7 14
-16 -6 0
-16 -6 13
-16 -6 14
-16 -5 0
-16 -5 13
-16 -5 14
-16 -4 0
-16 -4 13
-16 -4 14
-16 -3 0
-16 -3 13
-16 -3 14
-16 -2 0
-16 -2 13
-16 -2 14
-16 -1 0
-16 -1 13
-16 -1 14
-16 0 0
-16 0 13
-16 0 14
-16 1 0
-16 1 13
-16 1 14
-16 2 0
-16 2 13
-16 2 14
-16 3 0
-16 3 13
-16 3 14
-16 4 0
-16 4 13
-16 4 14
-16 5 0
-16 5 13
-16 5 14
-16 6 0
-16 6 13
-16 6 14
-16 7 0
-16 7 13
-16 7 14
-16 8 0
-16 8 13
-16 8 14
-16 9 0
-16 9 13
-16 9 14
-16 10 0
-16 10 13
-16 10 14
-16 11 0
-16 11 13
-16 11 14
-16 12 0
-16 12 13
-16 12 14
-16 13 0
-16 13 13
-16 13 14
-16 14 0
-16 14 13
-16 14 14
-16 15 0
-16 15 13
-16 15 14
-16 16 0
-16 16 13
-16 16 14
-16 17 0
-16 17 11
-16 17 12
-16 18 0
-16 18 9
-16 18 10
-16 19 0
-16 19 7
-16 19 8
-16 20 0
-16 20 5
-16 20 6
-16 21 0
-16 21 3
-16 21 4
-16 22 0
-16 22 1
-16 22 2
-16 23 0
-15 -23 0
-15 -22 0
-15 -22 1
-15 -22 2
-15 -21 0
-15 -21 3
-15 -21 4
-15 -20 0
-15 -20 5
-15 -20 6
-15 -19 0
-15 -19 7
-15 -19 8
-15 -18 0
-15 -18 9
-15 -18 10
-15 -17 0
-15 -17 11
-15 -17 12
-15 -16 0
-15 -16 13
-15 -16 14
-15 -15 0
-15 -15 15
-15 -15 16
-15 -14 0
-15 -14 15
-15 -14 16
-15 -13 0
-15 -13 15
-15 -13 16
-15 -12 0
-15 -12 15
-15 -12 16
-15 -11 0
-15 -11 15
-15 -11 16
-15 -10 0
-15 -10 15
-15 -10 16
-15 -9 0
-15 -9 15
-15 -9 16
-15 -8 0
-15 -8 15
-15 -8 16
-15 -7 0
-15 -7 15
-15 -7 16
-15 -6 0
-15 -6 15
-15 -6 16
-15 -5 0
-15 -5 15
-15 -5 16
-15 -4 0
-15 -4 15
-15 -4 16
-15 -3 0
-15 -3 15
-15 -3 16
-15 -2 0
-15 -2 15
-15 -2 16
-15 -1 0
-15 -1 15
-15 -1 16
-15 0 0
-15 0 15
-15 0 16
-15 1 0
-15 1 15
-15 1 16
-15 2 0
-15 2 15
-15 2 16
-15 3 0
-15 3 15
-15 3 16
-15 4 0
-15 4 15
-15 4 16
-15 5 0
-15 5 15
-15 5 16
-15 6 0
-15 6 15
-15 6 16
-15 7 0
-15 7 15
-15 7 16
-15 8 0
-15 8 15
-15 8 16
-15 9 0
-15 9 15
-15 9 16
-15 10 0
-15 10 15
-15 10 16
-15 11 0
-15 11 15
-15 11 16
-15 12 0
-15 12 15
-15 12 16
-15 13 0
-15 13 15
-15 13 16
-15 14 0
-15 14 15
-15 14 16
-15 15 0
-15 15 15
-15 15 16
-15 16 0
-15 16 13
-15 16 14
-15 17 0
-15 17 11
-15 17 12
-15 18 0
-15 18 9
-15 18 10
-15 19 0
-15 19 7
-15 19 8
-15 20 0
-15 20 5
-15 20 6
-15 21 0
-15 21 3
-15 21 4
-15 22 0
-15 22 1
-15 22 2
-15 23 0
-14 -23 0
-14 -22 0
-14 -22 1
-14 -22 2
-14 -21 0
-14 -21 3
-14 -21 4
-14 -20 0
-14 -20 5
-14 -20 6
-14 -19 0
-14 -19 7
-14 -19 8
-14 -18 0
-14 -18 9
-14 -18 10
-14 -17 0
-14 -17 11
-14 -17 12
-14 -16 0
-14 -16 13
-14 -16 14
-14 -15 0
-14 -15 15
-14 -15 16
-14 -14 0
-14 -14 17
-14 -14 18
-14 -13 0
-14 -13 17
-14 -13 18
-14 -12 0
-14 -12 17
-14 -12 18
-14 -11 0
-14 -11 17
-14 -11 18
-14 -10 0
-14 -10 17
-14 -10 18
-14 -9 0
-14 -9 17
-14 -9 18
-14 -8 0
-14 -8 17
-14 -8 18
-14 -7 0
-14 -7 17
-14 -7 18
-14 -6 0
-14 -6 17
-14 -6 18
-14 -5 0
-14 -5 17
-14 -5 18
-14 -4 0
-14 -4 17
-14 -4 18
-14 -3 0
-14 -3 17
-14 -3 18
-14 -2 0
-14 -2 17
-14 -2 18
-14 -1 0
-14 -1 17
-14 -1 18
-14 0 0
-14 0 17
-14 0 18
-14 1 0
-14 1 17
-14 1 18
-14 2 0
-14 2 17
-14 2 18
-14 3 0
-14 3 17
-14 3 18
-14 4 0
-14 4 17
-14 4 18
-14 5 0
-14 5 17
-14 5 18
-14 6 0
-14 6 17
-14 6 18
-14 7 0
-14 7 17
-14 7 18
-14 8 0
-14 8 17
-14 8 18
-14 9 0
-14 9 17
-14 9 18
-14 10 0
-14 10 17
-14 10 18
-14 11 0
-14 11 17
-14 11 18
-14 12 0
-14 12 17
-14 12 18
-14 13 0
-14 13 17
-14 13 18
-14 14 0
-14 14 17
-14 14 18
-14 15 0
-14 15 15
-14 15 16
-14 16 0
-14 16 13
-14 16 14
-14 17 0
-14 17 11
-14 17 12
-14 18 0
-14 18 9
-14 18 10
-14 19 0
-14 19 7
-14 19 8
-14 20 0
-14 20 5
-14 20 6
-14 21 0
-14 21 3
-14 21 4
-14 22 0
-14 22 1
-14 22 2
-14 23 0
-13 -23 0
-13 -22 0
-13 -22 1
-13 -22 2
-13 -21 0
-13 -21 3
-13 -21 4
-13 -20 0
-13 -20 5
-13 -20 6
-13 -19 0
-13 -19 7
-13 -19 8
-13 -18 0
-13 -18 9
-13 -18 10
-13 -17 0
-13 -17 11
-13 -17 12
-13 -16 0
-13 -16 13
-13 -16 14
-13 -15 0
-13 -15 15
-13 -15 16
-13 -14 0
-13 -14 17
-13 -14 18
-13 -13 0
-13 -13 19
-13 -13 20
-13 -12 0
-13 -12 19
-13 -12 20
-13 -11 0
-13 -11 19
-13 -11 20
-13 -10 0
-13 -10 19
-13 -10 20
-13 -9 0
-13 -9 19
-13 -9 20
-13 -8 0
-13 -8 19
-13 -8 20
-13 -7 0
-13 -7 19
-13 -7 20
-13 -6 0
-13 -6 19
-13 -6 20
-13 -5 0
-13 -5 19
-13 -5 20
-13 -4 0
-13 -4 19
-13 -4 20
-13 -3 0
-13 -3 19
-13 -3 20
-13 -2 0
-13 -2 19
-13 -2 20
-13 -1 0
-13 -1 19
-13 -1 20
-13 0 0
-13 0 19
-13 0 20
-13 1 0
-13 1 19
-13 1 20
-13 2 0
-13 2 19
-13 2 20
-13 3 0
-13 3 19
-13 3 20
-13 4 0
-13 4 19
-13 4 20
-13 5 0
-13 5 19
-13 5 20
-13 6 0
-13 6 19
-13 6 20
-13 7 0
-13 7 19
-13 7 20
-13 8 0
-13 8 19
-13 8 20
-13 9 0
-13 9 19
-13 9 20
-13 10 0
-13 10 19
-13 10 20
-13 11 0
-13 11 19
-13 11 20
-13 12 0
-13 12 19
-13 12 20
-13 13 0
-13 13 19
-13 13 20
-13 14 0
-13 14 17
-13 14 18
-13 15 0
-13 15 15
-13 15 16
-13 16 0
-13 16 13
-13 16 14
-13 17 0
-13 17 11
-13 17 12
-13 18 0
-13 18 9
-13 18 10
-13 19 0
-13 19 7
-13 19 8
-13 20 0
-13 20 5
-13 20 6
-13 21 0
-13 21 3
-13 21 4
-13 22 0
-13 22 1
-13 22 2
-13 23 0
-12 -23 0
-12 -22 0
-12 -22 1
-12 -22 2
-12 -21 0
-12 -21 3
-12 -21 4
-12 -20 0
-12 -20 5
-12 -20 6
-12 -19 0
-12 -19 7
-12 -19 8
-12 -18 0
-12 -18 9
-12 -18 10
-12 -17 0
-12 -17 11
-12 -17 12
-12 -16 0
-12 -16 13
-12 -16 14
-12 -15 0
-12 -15 15
-12 -15 16
-12 -14 0
-12 -14 17
-12 -14 18
-12 -13 0
-12 -13 19
-12 -13 20
-12 -12 0
-12 -12 21
-12 -12 22
-12 -11 0
-12 -11 21
-12 -11 22
-12 -10 0
-12 -10 21
-12 -10 22
-12 -9 0
-12 -9 21
-12 -9 22
-12 -8 0
-12 -8 21
-12 -8 22
-12 -7 0
-12 -7 21
-12 -7 22
-12 -6 0
-12 -6 21
-12 -6 22
-12 -5 0
-12 -5 21
-12 -5 22
-12 -4 0
-12 -4 21
-12 -4 22
-12 -3 0
-12 -3 21
-12 -3 22
-12 -2 0
-12 -2 21
-12 -2 22
-12 -1 0
-12 -1 21
-12 -1 22
-12 0 0
-12 0 21
-12 0 22
-12 1 0
-12 1 21
-12 1 22
-12 2 0
-12 2 21
-12 2 22
-12 3 0
-12 3 21
-12 3 22
-12 4 0
-12 4 21
-12 4 22
-12 5 0
-12 5 21
-12 5 22
-12 6 0
-12 6 21
-12 6 22
-12 7 0
-12 7 21
-12 7 22
-12 8 0
-12 8 21
-12 8 22
-12 9 0
-12 9 21
-12 9 22
-12 10 0
-12 10 21
-12 10 22
-12 11 0
-12 11 21
-12 11 22
-12 12 0
-12 12 21
-12 12 22
-12 13 0
-12 13 19
-12 13 20
-12 14 0
-12 14 17
-12 14 18
-12 15 0
-12 15 15
-12 15 16
-12 16 0
-12 16 13
-12 16 14
-12 17 0
-12 17 11
-12 17 12
-12 18 0
-12 18 9
-12 18 10
-12 19 0
-12 19 7
-12 19 8
-12 20 0
-12 20 5
-12 20 6
-12 21 0
-12 21 3
-12 21 4
-12 22 0
-12 22 1
-12 22 2
-12 23 0
-11 -23 0
-11 -22 0
-11 -22 1
-11 -22 2
-11 -21 0
-11 -21 3
-11 -21 4
-11 -20 0
-11 -20 5
-11 -20 6
-11 -19 0
-11 -19 7
-11 -19 8
-11 -18 0
-11 -18 9
-11 -18 10
-11 -17 0
-11 -17 11
-11 -17 12
-11 -16 0
-11 -16 13
-11 -16 14
-11 -15 0
-11 -15 15
-11 -15 16
-11 -14 0
-11 -14 17
-11 -14 18
-11 -13 0
-11 -13 19
-11 -13 20
-11 -12 0
-11 -12 21
-11 -12 22
-11 -11 0
-11 -11 23
-11 -11 24
-11 -10 0
-11 -10 23
-11 -10 24
-11 -9 0
-11 -9 23
-11 -9 24
-11 -8 0
-11 -8 23
-11 -8 24
-11 -7 0
-11 -7 23
-11 -7 24
-11 -6 0
-11 -6 23
-11 -6 24
-11 -5 0
-11 -5 23
-11 -5 24
-11 -4 0
-11 -4 23
-11 -4 24
-11 -3 0
-11 -3 23
-11 -3 24
-11 -2 0
-11 -2 23
-11 -2 24
-11 -1 0
-11 -1 23
-11 -1 24
-11 0 0
-11 0 23
-11 0 24
-11 1 0
-11 1 23
-11 1 24
-11 2 0
-11 2 23
-11 2 24
-11 3 0
-11 3 23
-11 3 24
-11 4 0
-11 4 23
-11 4 24
-11 5 0
-11 5 23
-11 5 24
-11 6 0
-11 6 23
-11 6 24
-11 7 0
-11 7 23
-11 7 24
-11 8 0
-11 8 23
-11 8 24
-11 9 0
-11 9 23
-11 9 24
-11 10 0
-11 10 23
-11 10 24
-11 11 0
-11 11 23
-11 11 24
-11 12 0
-11 12 21
-11 12 22
-11 13 0
-11 13 19
-11 13 20
-11 14 0
-11 14 17
-11 14 18
-11 15 0
-11 15 15
-11 15 16
-11 16 0
-11 16 13
-11 16 14
-11 17 0
-11 17 11
-11 17 12
-11 18 0
-11 18 9
-11 18 10
-11 19 0
-11 19 7
-11 19 8
-11 20 0
-11 20 5
-11 20 6
-11 21 0
-11 21 3
-11 21 4
-11 22 0
-11 22 1
-11 22 2
-11 23 0
-10 -23 0
-10 -22 0
-10 -22 1
-10 -22 2
-10 -21 0
-10 -21 3
-10 -21 4
-10 -20 0
-10 -20 5
-10 -20 6
-10 -19 0
-10 -19 7
-10 -19 8
-10 -18 0
-10 -18 9
-10 -18 10
-10 -17 0
-10 -17 11
-10 -17 12
-10 -16 0
-10 -16 13
-10 -16 14
-10 -15 0
-10 -15 15
-10 -15 16
-10 -14 0
-10 -14 17
-10 -14 18
-10 -13 0
-10 -13 19
-10 -13 20
-10 -12 0
-10 -12 21
-10 -12 22
-10 -11 0
-10 -11 23
-10 -11 24
-10 -10 0
-10 -10 25
-10 -10 26
-10 -9 0
-10 -9 25
-10 -9 26
-10 -8 0
-10 -8 25
-10 -8 26
-10 -7 0
-10 -7 25
-10 -7 26
-10 -6 0
-10 -6 25
-10 -6 26
-10 -5 0
-10 -5 25
-10 -5 26
-10 -4 0
-10 -4 25
-10 -4 26
-10 -3 0
-10 -3 25
-10 -3 26
-10 -2 0
-10 -2 25
-10 -2 26
-10 -1 0
-10 -1 25
-10 -1 26
-10 0 0
-10 0 25
-10 0 26
-10 1 0
-10 1 25
-10 1 26
-10 2 0
-10 2 25
-10 2 26
-10 3 0
-10 3 25
-10 3 26
-10 4 0
-10 4 25
-10 4 26
-10 5 0
-10 5 25
-10 5 26
-10 6 0
-10 6 25
-10 6 26
-10 7 0
-10 7 25
-10 7 26
-10 8 0
-10 8 25
-10 8 26
-10 9 0
-10 9 25
-10 9 26
-10 10 0
-10 10 25
-10 10 26
-10 11 0
-10 11 23
-10 11 24
-10 12 0
-10 12 21
-10 12 22
-10 13 0
-10 13 19
-10 13 20
-10 14 0
-10 14 17
-10 14 18
-10 15 0
-10 15 15
-10 15 16
-10 16 0
-10 16 13
-10 16 14
-10 17 0
-10 17 11
-10 17 12
-10 18 0
-10 18 9
-10 18 10
-10 19 0
-10 19 7
-10 19 8
-10 20 0
-10 20 5
-10 20 6
-10 21 0
-10 21 3
-10 21 4
-10 22 0
-10 22 1
-10 22 2
-10 23 0
-9 -23 0
-9 -22 0
-9 -22 1
-9 -22 2
-9 -21 0
-9 -21 3
-9 -21 4
-9 -20 0
-9 -20 5
-9 -20 6
-9 -19 0
-9 -19 7
-9 -19 8
-9 -18 0
-9 -18 9
-9 -18 10
-9 -17 0
-9 -17 11
-9 -17 12
-9 -16 0
-9 -16 13
-9 -16 14
-9 -15 0
-9 -15 15
-9 -15 16
-9 -14 0
-9 -14 17
-9 -14 18
-9 -13 0
-9 -13 19
-9 -13 20
-9 -12 0
-9 -12 21
-9 -12 22
-9 -11 0
-9 -11 23
-9 -11 24
-9 -10 0
-9 -10 25
-9 -10 26
-9 -9 0
-9 -9 27
-9 -9 28
-9 -8 0
-9 -8 27
-9 -8 28
-9 -7 0
-9 -7 27
-9 -7 28
-9 -6 0
-9 -6 27
-9 -6 28
-9 -5 0
-9 -5 27
-9 -5 28
-9 -4 0
-9 -4 27
-9 -4 28
-9 -3 0
-9 -3 27
-9 -3 28
-9 -2 0
-9 -2 27
-9 -2 28
-9 -1 0
-9 -1 27
-9 -1 28
-9 0 0
-9 0 27
-9 0 28
-9 1 0
-9 1 27
-9 1 28
-9 2 0
-9 2 27
-9 2 28
-9 3 0
-9 3 27
-9 3 28
-9 4 0
-9 4 27
-9 4 28
-9 5 0
-9 5 27
-9 5 28
-9 6 0
-9 6 27
-9 6 28
-9 7 0
-9 7 27
-9 7 28
-9 8 0
-9 8 27
-9 8 28
-9 9 0
-9 9 27
-9 9 28
-9 10 0
-9 10 25
-9 10 26
-9 11 0
-9 11 23
-9 11 24
-9 12 0
-9 12 21
-9 12 22
-9 13 0
-9 13 19
-9 13 20
-9 14 0
-9 14 17
-9 14 18
-9 15 0
-9 15 15
-9 15 16
-9 16 0
-9 16 13
-9 16 14
-9 17 0
-9 17 11
-9 17 12
-9 18 0
-9 18 9
-9 18 10
-9 19 0
-9 19 7
-9 19 8
-9 20 0
-9 20 5
-9 20 6
-9 21 0
-9 21 3
-9 21 4
-9 22 0
-9 22 1
-9 22 2
-9 23 0
-8 -23 0
-8 -22 0
-8 -22 1
-8 -22 2
-8 -21 0
-8 -21 3
-8 -21 4
-8 -20 0
-8 -20 5
-8 -20 6
-8 -19 0
-8 -19 7
-8 -19 8
-8 -18 0
-8 -18 9
-8 -18 10
-8 -17 0
-8 -17 11
-8 -17 12
-8 -16 0
-8 -16 13
-8 -16 14
-8 -15 0
-8 -15 15
-8 -15 16
-8 -14 0
-8 -14 17
-8 -14 18
-8 -13 0
-8 -13 19
-8 -13 20
-8 -12 0
-8 -12 21
-8 -12 22
-8 -11 0
-8 -11 23
-8 -11 24
-8 -10 0
-8 -10 25
-8 -10 26
-8 -9 0
-8 -9 27
-8 -9 28
-8 -8 0
-8 -8 29
-8 -8 30
-8 -7 0
-8 -7 29
-8 -7 30
-8 -6 0
-8 -6 29
-8 -6 30
-8 -5 0
-8 -5 29
-8 -5 30
-8 -4 0
-8 -4 29
-8 -4 30
-8 -3 0
-8 -3 29
-8 -3 30
-8 -2 0
-8 -2 29
-8 -2 30
-8 -1 0
-8 -1 29
-8 -1 30
-8 0 0
-8 0 29
-8 0 30
-8 1 0
-8 1 29
-8 1 30
-8 2 0
-8 2 29
-8 2 30
-8 3 0
-8 3 29
-8 3 30
-8 4 0
-8 4 29
-8 4 30
-8 5 0
-8 5 29
-8 5 30
-8 6 0
-8 6 29
-8 6 30
-8 7 0
-8 7 29
-8 7 30
-8 8 0
-8 8 29
-8 8 30
-8 9 0
-8 9 27
-8 9 28
-8 10 0
-8 10 25
-8 10 26
-8 11 0
-8 11 23
-8 11 24
-8 12 0
-8 12 21
-8 12 22
-8 13 0
-8 13 19
-8 13 20
-8 14 0
-8 14 17
-8 14 18
-8 15 0
-8 15 15
-8 15 16
-8 16 0
-8 16 13
-8 16 14
-8 17 0
-8 17 11
-8 17 12
-8 18 0
-8 18 9
-8 18 10
-8 19 0
-8 19 7
-8 19 8
-8 20 0
-8 20 5
-8 20 6
-8 21 0
-8 21 3
-8 21 4
-8 22 0
-8 22 1
-8 22 2
-8 23 0
-7 -23 0
-7 -22 0
-7 -22 1
-7 -22 2
-7 -21 0
-7 -21 3
-7 -21 4
-7 -20 0
-7 -20 5
-7 -20 6
-7 -19 0
-7 -19 7
-7 -19 8
-7 -18 0
-7 -18 9
-7 -18 10
-7 -17 0
-7 -17 11
-7 -17 12
-7 -16 0
-7 -16 13
-7 -16 14
-7 -15 0
-7 -15 15
-7 -15 16
-7 -14 0
-7 -14 17
-7 -14 18
-7 -13 0
-7 -13 19
-7 -13 20
-7 -12 0
-7 -12 21
-7 -12 22
-7 -11 0
-7 -11 23
-7 -11 24
-7 -10 0
-7 -10 25
-7 -10 26
-7 -9 0
-7 -9 27
-7 -9 28
-7 -8 0
-7 -8 29
-7 -8 30
-7 -7 0
-7 -7 31
-7 -7 32
-7 -6 0
-7 -6 31
-7 -6 32
-7 -5 0
-7 -5 31
-7 -5 32
-7 -4 0
-7 -4 31
-7 -4 32
-7 -3 0
-7 -3 31
-7 -3 32
-7 -2 0
-7 -2 31
-7 -2 32
-7 -1 0
-7 -1 31
-7 -1 32
-7 0 0
-7 0 31
-7 0 32
-7 1 0
-7 1 31
-7 1 32
-7 2 0
-7 2 31
-7 2 32
-7 3 0
-7 3 31
-7 3 32
-7 4 0
-7 4 31
-7 4 32
-7 5 0
-7 5 31
-7 5 32
-7 6 0
-7 6 31
-7 6 32
-7 7 0
-7 7 31
-7 7 32
-7 8 0
-7 8 29
-7 8 30
-7 9 0
-7 9 27
-7 9 28
-7 10 0
-7 10 25
-7 10 26
-7 11 0
-7 11 23
-7 11 24
-7 12 0
-7 12 21
-7 12 22
-7 13 0
-7 13 19
-7 13 20
-7 14 0
-7 14 17
-7 14 18
-7 15 0
-7 15 15
-7 15 16
-7 16 0
-7 16 13
-7 16 14
-7 17 0
-7 17 11
-7 17 12
-7 18 0
-7 18 9
-7 18 10
-7 19 0
-7 19 7
-7 19 8
-7 20 0
-7 20 5
-7 20 6
-7 21 0
-7 21 3
-7 21 4
-7 22 0
-7 22 1
-7 22 2
-7 23 0
-6 -23 0
-6 -22 0
-6 -22 1
-6 -22 2
-6 -21 0
-6 -21 3
-6 -21 4
-6 -20 0
-6 -20 5
-6 -20 6
-6 -19 0
-6 -19 7
-6 -19 8
-6 -18 0
-6 -18 9
-6 -18 10
-6 -17 0
-6 -17 11
-6 -17 12
-6 -16 0
-6 -16 13
-6 -16 14
-6 -15 0
-6 -15 15
-6 -15 16
-6 -14 0
-6 -14 17
-6 -14 18
-6 -13 0
-6 -13 19
-6 -13 20
-6 -12 0
-6 -12 21
-6 -12 22
-6 -11 0
-6 -11 23
-6 -11 24
-6 -10 0
-6 -10 25
-6 -10 26
-6 -9 0
-6 -9 27
-6 -9 28
-6 -8 0
-6 -8 29
-6 -8 30
-6 -7 0
-6 -7 31
-6 -7 32
-6 -6 0
-6 -6 33
-6 -6 34
-6 -5 0
-6 -5 33
-6 -5 34
-6 -4 0
-6 -4 33
-6 -4 34
-6 -3 0
-6 -3 33
-6 -3 34
-6 -2 0
-6 -2 33
-6 -2 34
-6 -1 0
-6 -1 33
-6 -1 34
-6 0 0
-6 0 33
-6 0 34
-6 1 0
-6 1 33
-6 1 34
-6 2 0
-6 2 33
-6 2 34
-6 3 0
-6 3 33
-6 3 34
-6 4 0
-6 4 33
-6 4 34
-6 5 0
-6 5 33
-6 5 34
-6 6 0
-6 6 33
-6 6 34
-6 7 0
-6 7 31
-6 7 32
-6 8 0
-6 8 29
-6 8 30
-6 9 0
-6 9 27
-6 9 28
-6 10 0
-6 10 25
-6 10 26
-6 11 0
-6 11 23
-6 11 24
-6 12 0
-6 12 21
-6 12 22
-6 13 0
-6 13 19
-6 13 20
-6 14 0
-6 14 17
-6 14 18
-6 15 0
-6 15 15
-6 15 16
-6 16 0
-6 16 13
-6 16 14
-6 17 0
-6 17 11
-6 17 12
-6 18 0
-6 18 9
-6 18 10
-6 19 0
-6 19 7
-6 19 8
-6 20 0
-6 20 5
-6 20 6
-6 21 0
-6 21 3
-6 21 4
-6 22 0
-6 22 1
-6 22 2
-6 23 0
-5 -23 0
-5 -22 0
-5 -22 1
-5 -22 2
-5 -21 0
-5 -21 3
-5 -21 4
-5 -20 0
-5 -20 5
-5 -20 6
-5 -19 0
-5 -19 7
-5 -19 8
-5 -18 0
-5 -18 9
-5 -18 10
-5 -17 0
-5 -17 11
-5 -17 12
-5 -16 0
-5 -16 13
-5 -16 14
-5 -15 0
-5 -15 15
-5 -15 16
-5 -14 0
-5 -14 17
-5 -14 18
-5 -13 0
-5 -13 19
-5 -13 20
-5 -12 0
-5 -12 21
-5 -12 22
-5 -11 0
-5 -11 23
-5 -11 24
-5 -10 0
-5 -10 25
-5 -10 26
-5 -9 0
-5 -9 27
-5 -9 28
-5 -8 0
-5 -8 29
-5 -8 30
-5 -7 0
-5 -7 31
-5 -7 32
-5 -6 0
-5 -6 33
-5 -6 34
-5 -5 0
-5 -5 35
-5 -5 36
-5 -4 0
-5 -4 35
-5 -4 36
-5 -3 0
-5 -3 35
-5 -3 36
-5 -2 0
-5 -2 35
-5 -2 36
-5 -1 0
-5 -1 35
-5 -1 36
-5 0 0
-5 0 35
-5 0 36
-5 1 0
-5 1 35
-5 1 36
-5 2 0
-5 2 35
-5 2 36
-5 3 0
-5 3 35
-5 3 36
-5 4 0
-5 4 35
-5 4 36
-5 5 0
-5 5 35
-5 5 36
-5 6 0
-5 6 33
-5 6 34
-5 7 0
-5 7 31
-5 7 32
-5 8 0
-5 8 29
-5 8 30
-5 9 0
-5 9 27
-5 9 28
-5 10 0
-5 10 25
-5 10 26
-5 11 0
-5 11 23
-5 11 24
-5 12 0
-5 12 21
-5 12 22
-5 13 0
-5 13 19
-5 13 20
-5 14 0
-5 14 17
-5 14 18
-5 15 0
-5 15 15
-5 15 16
-5 16 0
-5 16 13
-5 16 14
-5 17 0
-5 17 11
-5 17 12
-5 18 0
-5 18 9
-5 18 10
-5 19 0
-5 19 7
-5 19 8
-5 20 0
-5 20 5
-5 20 6
-5 21 0
-5 21 3
-5 21 4
-5 22 0
-5 22 1
-5 22 2
-5 23 0
-4 -23 0
-4 -22 0
-4 -22 1
-4 -22 2
-4 -21 0
-4 -21 3
-4 -21 4
-4 -20 0
-4 -20 5
-4 -20 6
-4 -19 0
-4 -19 7
-4 -19 8
-4 -18 0
-4 -18 9
-4 -18 10
-4 -17 0
-4 -17 11
-4 -17 12
-4 -16 0
-4 -16 13
-4 -16 14
-4 -15 0
-4 -15 15
-4 -15 16
-4 -14 0
-4 -14 17
-4 -14 18
-4 -13 0
-4 -13 19
-4 -13 20
-4 -12 0
-4 -12 21
-4 -12 22
-4 -11 0
-4 -11 23
-4 -11 24
-4 -10 0
-4 -10 25
-4 -10 26
-4 -9 0
-4 -9 27
-4 -9 28
-4 -8 0
-4 -8 29
-4 -8 30
-4 -7 0
-4 -7 31
-4 -7 32
-4 -6 0
-4 -6 33
-4 -6 34
-4 -5 0
-4 -5 35
-4 -5 36
-4 -4 0
-4 -4 37
-4 -4 38
-4 -3 0
-4 -3 37
-4 -3 38
-4 -2 0
-4 -2 37
-4 -2 38
-4 -1 0
-4 -1 37
-4 -1 38
-4 0 0
-4 0 37
-4 0 38
-4 1 0
-4 1 37
-4 1 38
-4 2 0
-4 2 37
-4 2 38
-4 3 0
-4 3 37
-4 3 38
-4 4 0
-4 4 37
-4 4 38
-4 5 0
-4 5 35
-4 5 36
-4 6 0
-4 6 33
-4 6 34
-4 7 0
-4 7 31
-4 7 32
-4 8 0
-4 8 29
-4 8 30
-4 9 0
-4 9 27
-4 9 28
-4 10 0
-4 10 25
-4 10 26
-4 11 0
-4 11 23
-4 11 24
-4 12 0
-4 12 21
-4 12 22
-4 13 0
-4 13 19
-4 13 20
-4 14 0
-4 14 17
-4 14 18
-4 15 0
-4 15 15
-4 15 16
-4 16 0
-4 16 13
-4 16 14
-4 17 0
-4 17 11
-4 17 12
-4 18 0
-4 18 9
-4 18 10
-4 19 0
-4 19 7
-4 19 8
-4 20 0
-4 20 5
-4 20 6
-4 21 0
-4 21 3
-4 21 4
-4 22 0
-4 22 1
-4 22 2
-4 23 0
-3 -23 0
-3 -22 0
-3 -22 1
-3 -22 2
-3 -21 0
-3 -21 3
-3 -21 4
-3 -20 0
-3 -20 5
-3 -20 6
-3 -19 0
-3 -19 7
-3 -19 8
-3 -18 0
-3 -18 9
-3 -18 10
-3 -17 0
-3 -17 11
-3 -17 12
-3 -16 0
-3 -16 13
-3 -16 14
-3 -15 0
-3 -15 15
-3 -15 16
-3 -14 0
-3 -14 17
-3 -14 18
-3 -13 0
-3 -13 19
-3 -13 20
-3 -12 0
-3 -12 21
-3 -12 22
-3 -11 0
-3 -11 23
-3 -11 24
-3 -10 0
-3 -10 25
-3 -10 26
-3 -9 0
-3 -9 27
-3 -9 28
-3 -8 0
-3 -8 29
-3 -8 30
-3 -7 0
-3 -7 31
-3 -7 32
-3 -6 0
-3 -6 33
-3 -6 34
-3 -5 0
-3 -5 35
-3 -5 36
-3 -4 0
-3 -4 37
-3 -4 38
-3 -3 0
-3 -3 39
-3 -3 40
-3 -2 0
-3 -2 39
-3 -2 40
-3 -1 0
-3 -1 39
-3 -1 40
-3 0 0
-3 0 39
-3 0 40
-3 1 0
-3 1 39
-3 1 40
-3 2 0
-3 2 39
-3 2 40
-3 3 0
-3 3 39
-3 3 40
-3 4 0
-3 4 37
-3 4 38
-3 5 0
-3 5 35
-3 5 36
-3 6 0
-3 6 33
-3 6 34
-3 7 0
-3 7 31
-3 7 32
-3 8 0
-3 8 29
-3 8 30
-3 9 0
-3 9 27
-3 9 28
-3 10 0
-3 10 25
-3 10 26
-3 11 0
-3 11 23
-3 11 24
-3 12 0
-3 12 21
-3 12 22
-3 13 0
-3 13 19
-3 13 20
-3 14 0
-3 14 17
-3 14 18
-3 15 0
-3 15 15
-3 15 16
-3 16 0
-3 16 13
-3 16 14
-3 17 0
-3 17 11
-3 17 12
-3 18 0
-3 18 9
-3 18 10
-3 19 0
-3 19 7
-3 19 8
-3 20 0
-3 20 5
-3 20 6
-3 21 0
-3 21 3
-3 21 4
-3 22 0
-3 22 1
-3 22 2
-3 23 0
-2 -23 0
-2 -22 0
-2 -22 1
-2 -22 2
-2 -21 0
-2 -21 3
-2 -21 4
-2 -20 0
-2 -20 5
-2 -20 6
-2 -19 0
-2 -19 7
-2 -19 8
-2 -18 0
-2 -18 9
-2 -18 10
-2 -17 0
-2 -17 11
-2 -17 12
-2 -16 0
-2 -16 13
-2 -16 14
-2 -15 0
-2 -15 15
-2 -15 16
-2 -14 0
-2 -14 17
-2 -14 18
-2 -13 0
-2 -13 19
-2 -13 20
-2 -12 0
-2 -12 21
-2 -12 22
-2 -11 0
-2 -11 23
-2 -11 24
-2 -10 0
-2 -10 25
-2 -10 26
-2 -9 0
-2 -9 27
-2 -9 28
-2 -8 0
-2 -8 29
-2 -8 30
-2 -7 0
-2 -7 31
-2 -7 32
-2 -6 0
-2 -6 33
-2 -6 34
-2 -5 0
-2 -5 35
-2 -5 36
-2 -4 0
-2 -4 37
-2 -4 38
-2 -3 0
-2 -3 39
-2 -3 40
-2 -2 0
-2 -2 41
-2 -2 42
-2 -1 0
-2 -1 41
-2 -1 42
-2 0 0
-2 0 41
-2 0 42
-2 1 0
-2 1 41
-2 1 42
-2 2 0
-2 2 41
-2 2 42
-2 3 0
-2 3 39
-2 3 40
-2 4 0
-2 4 37
-2 4 38
-2 5 0
-2 5 35
-2 5 36
-2 6 0
-2 6 33
-2 6 34
-2 7 0
-2 7 31
-2 7 32
-2 8 0
-2 8 29
-2 8 30
-2 9 0
-2 9 27
-2 9 28
-2 10 0
-2 10 25
-2 10 26
-2 11 0
-2 11 23
-2 11 24
-2 12 0
-2 12 21
-2 12 22
-2 13 0
-2 13 19
-2 13 20
-2 14 0
-2 14 17
-2 14 18
-2 15 0
-2 15 15
-2 15 16
-2 16 0
-2 16 13
-2 16 14
-2 17 0
-2 17 11
-2 17 12
-2 18 0
-2 18 9
-2 18 10
-2 19 0
-2 19 7
-2 19 8
-2 20 0
-2 20 5
-2 20 6
-2 21 0
-2 21 3
-2 21 4
-2 22 0
-2 22 1
-2 22 2
-2 23 0
-1 -23 0
-1 -22 0
-1 -22 1
-1 -22 2
-1 -21 0
-1 -21 3
-1 -21 4
-1 -20 0
-1 -20 5
-1 -20 6
-1 -19 0
-1 -19 7
-1 -19 8
-1 -18 0
-1 -18 9
-1 -18 10
-1 -17 0
-1 -17 11
-1 -17 12
-1 -16 0
-1 -16 13
-1 -16 14
-1 -15 0
-1 -15 15
-1 -15 16
-1 -14 0
-1 -14 17
-1 -14 18
-1 -13 0
-1 -13 19
-1 -13 20
-1 -12 0
-1 -12 21
-1 -12 22
-1 -11 0
-1 -11 23
-1 -11 24
-1 -10 0
-1 -10 25
-1 -10 26
-1 -9 0
-1 -9 27
-1 -9 28
-1 -8 0
-1 -8 29
-1 -8 30
-1 -7 0
-1 -7 31
-1 -7 32
-1 -6 0
-1 -6 33
-1 -6 34
-1 -5 0
-1 -5 35
-1 -5 36
-1 -4 0
-1 -4 37
-1 -4 38
-1 -3 0
-1 -3 39
-1 -3 40
-1 -2 0
-1 -2 41
-1 -2 42
-1 -1 0
-1 -1 43
-1 -1 44
-1 0 0
-1 0 43
-1 0 44
-1 1 0
-1 1 43
-1 1 44
-1 2 0
-1 2 41
-1 2 42
-1 3 0
-1 3 39
-1 3 40
-1 4 0
-1 4 37
-1 4 38
-1 5 0
-1 5 35
-1 5 36
-1 6 0
-1 6 33
-1 6 34
-1 7 0
-1 7 31
-1 7 32
-1 8 0
-1 8 29
-1 8 30
-1 9 0
-1 9 27
-1 9 28
-1 10 0
-1 10 25
-1 10 26
-1 11 0
-1 11 23
-1 11 24
-1 12 0
-1 12 21
-1 12 22
-1 13 0
-1 13 19
-1 13 20
-1 14 0
-1 14 17
-1 14 18
-1 15 0
-1 15 15
-1 15 16
-1 16 0
-1 16 13
-1 16 14
-1 17 0
-1 17 11
-1 17 12
-1 18 0
-1 18 9
-1 18 10
-1 19 0
-1 19 7
-1 19 8
-1 20 0
-1 20 5
-1 20 6
-1 21 0
-1 21 3
-1 21 4
-1 22 0
-1 22 1
-1 22 2
-1 23 0
0 -23 0
0 -22 0
0 -22 1
0 -22 2
0 -21 0
0 -21 3
0 -21 4
0 -20 0
0 -20 5
0 -20 6
0 -19 0
0 -19 7
0 -19 8
0 -18 0
0 -18 9
0 -18 10
0 -17 0
0 -17 11
0 -17 12
0 -16 0
0 -16 13
0 -16 14
0 -15 0
0 -15 15
0 -15 16
0 -14 0
0 -14 17
0 -14 18
0 -13 0
0 -13 19
0 -13 20
0 -12 0
0 -12 21
0 -12 22
0 -11 0
0 -11 23
0 -11 24
0 -10 0
0 -10 25
0 -10 26
0 -9 0
0 -9 27
0 -9 28
0 -8 0
0 -8 29
0 -8 30
0 -7 0
0 -7 31
0 -7 32
0 -6 0
0 -6 33
0 -6 34
0 -5 0
0 -5 35
0 -5 36
0 -4 0
0 -4 37
0 -4 38
0 -3 0
0 -3 39
0 -3 40
0 -2 0
0 -2 41
0 -2 42
0 -1 0
0 -1 43
0 -1 44
0 0 0
0 0 45
0 0 46
0 1 0
0 1 43
0 1 44
0 2 0
0 2 41
0 2 42
0 3 0
0 3 39
0 3 40
0 4 0
0 4 37
0 4 38
0 5 0
0 5 35
0 5 36
0 6 0
0 6 33
0 6 34
0 7 0
0 7 31
0 7 32
0 8 0
0 8 29
0 8 30
0 9 0
0 9 27
0 9 28
0 10 0
0 10 25
0 10 26
0 11 0
0 11 23
0 11 24
0 12 0
0 12 21
0 12 22
0 13 0
0 13 19
0 13 20
0 14 0
0 14 17
0 14 18
0 15 0
0 15 15
0 15 16
0 16 0
0 16 13
0 16 14
0 17 0
0 17 11
0 17 12
0 18 0
0 18 9
0 18 10
0 19 0
0 19 7
0 19 8
0 20 0
0 20 5
0 20 6
0 21 0
0 21 3
0 21 4
0 22 0
0 22 1
0 22 2
0 23 0
1 -23 0
1 -22 0
1 -22 1
1 -22 2
1 -21 0
1 -21 3
1 -21 4
1 -20 0
1 -20 5
1 -20 6
1 -19 0
1 -19 7
1 -19 8
1 -18 0
1 -18 9
1 -18 10
1 -17 0
1 -17 11
1 -17 12
1 -16 0
1 -16 13
1 -16 14
1 -15 0
1 -15 15
1 -15 16
1 -14 0
1 -14 17
1 -14 18
1 -13 0
1 -13 19
1 -13 20
1 -12 0
1 -12 21
1 -12 22
1 -11 0
1 -11 23
1 -11 24
1 -10 0
1 -10 25
1 -10 26
1 -9 0
1 -9 27
1 -9 28
1 -8 0
1 -8 29
1 -8 30
1 -7 0
1 -7 31
1 -7 32
1 -6 0
1 -6 33
1 -6 34
1 -5 0
1 -5 35
1 -5 36
1 -4 0
1 -4 37
1 -4 38
1 -3 0
1 -3 39
1 -3 40
1 -2 0
1 -2 41
1 -2 42
1 -1 0
1 -1 43
1 -1 44
1 0 0
1 0 43
1 0 44
1 1 0
1 1 43
1 1 44
1 2 0
1 2 41
1 2 42
1 3 0
1 3 39
1 3 40
1 4 0
1 4 37
1 4 38
1 5 0
1 5 35
1 5 36
1 6 0
1 6 33
1 6 34
1 7 0
1 7 31
1 7 32
1 8 0
1 8 29
1 8 30
1 9 0
1 9 27
1 9 28
1 10 0
1 10 25
1 10 26
1 11 0
1 11 23
1 11 24
1 12 0
1 12 21
1 12 22
1 13 0
1 13 19
1 13 20
1 14 0
1 14 17
1 14 18
1 15 0
1 15 15
1 15 16
1 16 0
1 16 13
1 16 14
1 17 0
1 17 11
1 17 12
1 18 0
1 18 9
1 18 10
1 19 0
1 19 7
1 19 8
1 20 0
1 20 5
1 20 6
1 21 0
1 21 3
1 21 4
1 22 0
1 22 1
1 22 2
1 23 0
2 -23 0
2 -22 0
2 -22 1
2 -22 2
2 -21 0
2 -21 3
2 -21 4
2 -20 0
2 -20 5
2 -20 6
2 -19 0
2 -19 7
2 -19 8
2 -18 0
2 -18 9
2 -18 10
2 -17 0
2 -17 11
2 -17 12
2 -16 0
2 -16 13
2 -16 14
2 -15 0
2 -15 15
2 -15 16
2 -14 0
2 -14 17
2 -14 18
2 -13 0
2 -13 19
2 -13 20
2 -12 0
2 -12 21
2 -12 22
2 -11 0
2 -11 23
2 -11 24
2 -10 0
2 -10 25
2 -10 26
2 -9 0
2 -9 27
2 -9 28
2 -8 0
2 -8 29
2 -8 30
2 -7 0
2 -7 31
2 -7 32
2 -6 0
2 -6 33
2 -6 34
2 -5 0
2 -5 35
2 -5 36
2 -4 0
2 -4 37
2 -4 38
2 -3 0
2 -3 39
2 -3 40
2 -2 0
2 -2 41
2 -2 42
2 -1 0
2 -1 41
2 -1 42
2 0 0
2 0 41
2 0 42
2 1 0
2 1 41
2 1 42
2 2 0
2 2 41
2 2 42
2 3 0
2 3 39
2 3 40
2 4 0
2 4 37
2 4 38
2 5 0
2 5 35
2 5 36
2 6 0
2 6 33
2 6 34
2 7 0
2 7 31
2 7 32
2 8 0
2 8 29
2 8 30
2 9 0
2 9 27
2 9 28
2 10 0
2 10 25
2 10 26
2 11 0
2 11 23
2 11 24
2 12 0
2 12 21
2 12 22
2 13 0
2 13 19
2 13 20
2 14 0
2 14 17
2 14 18
2 15 0
2 15 15
2 15 16
2 16 0
2 16 13
2 16 14
2 17 0
2 17 11
2 17 12
2 18 0
2 18 9
2 18 10
2 19 0
2 19 7
2 19 8
2 20 0
2 20 5
2 20 6
2 21 0
2 21 3
2 21 4
2 22 0
2 22 1
2 22 2
2 23 0
3 -23 0
3 -22 0
3 -22 1
3 -22 2
3 -21 0
3 -21 3
3 -21 4
3 -20 0
3 -20 5
3 -20 6
3 -19 0
3 -19 7
3 -19 8
3 -18 0
3 -18 9
3 -18 10
3 -17 0
3 -17 11
3 -17 12
3 -16 0
3 -16 13
3 -16 14
3 -15 0
3 -15 15
3 -15 16
3 -14 0
3 -14 17
3 -14 18
3 -13 0
3 -13 19
3 -13 20
3 -12 0
3 -12 21
3 -12 22
3 -11 0
3 -11 23
3 -11 24
3 -10 0
3 -10 25
3 -10 26
3 -9 0
3 -9 27
3 -9 28
3 -8 0
3 -8 29
3 -8 30
3 -7 0
3 -7 31
3 -7 32
3 -6 0
3 -6 33
3 -6 34
3 -5 0
3 -5 35
3 -5 36
3 -4 0
3 -4 37
3 -4 38
3 -3 0
3 -3 39
3 -3 40
3 -2 0
3 -2 39
3 -2 40
3 -1 0
3 -1 39
3 -1 40
3 0 0
3 0 39
3 0 40
3 1 0
3 1 39
3 1 40
3 2 0
3 2 39
3 2 40
3 3 0
3 3 39
3 3 40
3 4 0
3 4 37
3 4 38
3 5 0
3 5 35
3 5 36
3 6 0
3 6 33
3 6 34
3 7 0
3 7 31
3 7 32
3 8 0
3 8 29
3 8 30
3 9 0
3 9 27
3 9 28
3 10 0
3 10 25
3 10 26
3 11 0
3 11 23
3 11 24
3 12 0
3 12 21
3 12 22
3 13 0
3 13 19
3 13 20
3 14 0
3 14 17
3 14 18
3 15 0
3 15 15
3 15 16
3 16 0
3 16 13
3 16 14
3 17 0
3 17 11
3 17 12
3 18 0
3 18 9
3 18 10
3 19 0
3 19 7
3 19 8
3 20 0
3 20 5
3 20 6
3 21 0
3 21 3
3 21 4
3 22 0
3 22 1
3 22 2
3 23 0
4 -23 0
4 -22 0
4 -22 1
4 -22 2
4 -21 0
4 -21 3
4 -21 4
4 -20 0
4 -20 5
4 -20 6
4 -19 0
4 -19 7
4 -19 8
4 -18 0
4 -18 9
4 -18 10
4 -17 0
4 -17 11
4 -17 12
4 -16 0
4 -16 13
4 -16 14
4 -15 0
4 -15 15
4 -15 16
4 -14 0
4 -14 17
4 -14 18
4 -13 0
4 -13 19
4 -13 20
4 -12 0
4 -12 21
4 -12 22
4 -11 0
4 -11 23
4 -11 24
4 -10 0
4 -10 25
4 -10 26
4 -9 0
4 -9 27
4 -9 28
4 -8 0
4 -8 29
4 -8 30
4 -7 0
4 -7 31
4 -7 32
4 -6 0
4 -6 33
4 -6 34
4 -5 0
4 -5 35
4 -5 36
4 -4 0
4 -4 37
4 -4 38
4 -3 0
4 -3 37
4 -3 38
4 -2 0
4 -2 37
4 -2 38
4 -1 0
4 -1 37
4 -1 38
4 0 0
4 0 37
4 0 38
4 1 0
4 1 37
4 1 38
4 2 0
4 2 37
4 2 38
4 3 0
4 3 37
4 3 38
4 4 0
4 4 37
4 4 38
4 5 0
4 5 35
4 5 36
4 6 0
4 6 33
4 6 34
4 7 0
4 7 31
4 7 32
4 8 0
4 8 29
4 8 30
4 9 0
4 9 27
4 9 28
4 10 0
4 10 25
4 10 26
4 11 0
4 11 23
4 11 24
4 12 0
4 12 21
4 12 22
4 13 0
4 13 19
4 13 20
4 14 0
4 14 17
4 14 18
4 15 0
4 15 15
4 15 16
4 16 0
4 16 13
4 16 14
4 17 0
4 17 11
4 17 12
4 18 0
4 18 9
4 18 10
4 19 0
4 19 7
4 19 8
4 20 0
4 20 5
4 20 6
4 21 0
4 21 3
4 21 4
4 22 0
4 22 1
4 22 2
4 23 0
5 -23 0
5 -22 0
5 -22 1
5 -22 2
5 -21 0
5 -21 3
5 -21 4
5 -20 0
5 -20 5
5 -20 6
5 -19 0
5 -19 7
5 -19 8
5 -18 0
5 -18 9
5 -18 10
5 -17 0
5 -17 11
5 -17 12
5 -16 0
5 -16 13
5 -16 14
5 -15 0
5 -15 15
5 -15 16
5 -14 0
5 -14 17
5 -14 18
5 -13 0
5 -13 19
5 -13 20
5 -12 0
5 -12 21
5 -12 22
5 -11 0
5 -11 23
5 -11 24
5 -10 0
5 -10 25
5 -10 26
5 -9 0
5 -9 27
5 -9 28
5 -8 0
5 -8 29
5 -8 30
5 -7 0
5 -7 31
5 -7 32
5 -6 0
5 -6 33
5 -6 34
5 -5 0
5 -5 35
5 -5 36
5 -4 0
5 -4 35
5 -4 36
5 -3 0
5 -3 35
5 -3 36
5 -2 0
5 -2 35
5 -2 36
5 -1 0
5 -1 35
5 -1 36
5 0 0
5 0 35
5 0 36
5 1 0
5 1 35
5 1 36
5 2 0
5 2 35
5 2 36
5 3 0
5 3 35
5 3 36
5 4 0
5 4 35
5 4 36
5 5 0
5 5 35
5 5 36
5 6 0
5 6 33
5 6 34
5 7 0
5 7 31
5 7 32
5 8 0
5 8 29
5 8 30
5 9 0
5 9 27
5 9 28
5 10 0
5 10 25
5 10 26
5 11 0
5 11 23
5 11 24
5 12 0
5 12 21
5 12 22
5 13 0
5 13 19
5 13 20
5 14 0
5 14 17
5 14 18
5 15 0
5 15 15
5 15 16
5 16 0
5 16 13
5 16 14
5 17 0
5 17 11
5 17 12
5 18 0
5 18 9
5 18 10
5 19 0
5 19 7
5 19 8
5 20 0
5 20 5
5 20 6
5 21 0
5 21 3
5 21 4
5 22 0
5 22 1
5 22 2
5 23 0
6 -23 0
6 -22 0
6 -22 1
6 -22 2
6 -21 0
6 -21 3
6 -21 4
6 -20 0
6 -20 5
6 -20 6
6 -19 0
6 -19 7
6 -19 8
6 -18 0
6 -18 9
6 -18 10
6 -17 0
6 -17 11
6 -17 12
6 -16 0
6 -16 13
6 -16 14
6 -15 0
6 -15 15
6 -15 16
6 -14 0
6 -14 17
6 -14 18
6 -13 0
6 -13 19
6 -13 20
6 -12 0
6 -12 21
6 -12 22
6 -11 0
6 -11 23
6 -11 24
6 -10 0
6 -10 25
6 -10 26
6 -9 0
6 -9 27
6 -9 28
6 -8 0
6 -8 29
6 -8 30
6 -7 0
6 -7 31
6 -7 32
6 -6 0
6 -6 33
6 -6 34
6 -5 0
6 -5 33
6 -5 34
6 -4 0
6 -4 33
6 -4 34
6 -3 0
6 -3 33
6 -3 34
6 -2 0
6 -2 33
6 -2 34
6 -1 0
6 -1 33
6 -1 34
6 0 0
6 0 33
6 0 34
6 1 0
6 1 33
6 1 34
6 2 0
6 2 33
6 2 34
6 3 0
6 3 33
6 3 34
6 4 0
6 4 33
6 4 34
6 5 0
6 5 33
6 5 34
6 6 0
6 6 33
6 6 34
6 7 0
6 7 31
6 7 32
6 8 0
6 8 29
6 8 30
6 9 0
6 9 27
6 9 28
6 10 0
6 10 25
6 10 26
6 11 0
6 11 23
6 11 24
6 12 0
6 12 21
6 12 22
6 13 0
6 13 19
6 13 20
6 14 0
6 14 17
6 14 18
6 15 0
6 15 15
6 15 16
6 16 0
6 16 13
6 16 14
6 17 0
6 17 11
6 17 12
6 18 0
6 18 9
6 18 10
6 19 0
6 19 7
6 19 8
6 20 0
6 20 5
6 20 6
6 21 0
6 21 3
6 21 4
6 22 0
6 22 1
6 22 2
6 23 0
7 -23 0
7 -22 0
7 -22 1
7 -22 2
7 -21 0
7 -21 3
7 -21 4
7 -20 0
7 -20 5
7 -20 6
7 -19 0
7 -19 7
7 -19 8
7 -18 0
7 -18 9
7 -18 10
7 -17 0
7 -17 11
7 -17 12
7 -16 0
7 -16 13
7 -16 14
7 -15 0
7 -15 15
7 -15 16
7 -14 0
7 -14 17
7 -14 18
7 -13 0
7 -13 19
7 -13 20
7 -12 0
7 -12 21
7 -12 22
7 -11 0
7 -11 23
7 -11 24
7 -10 0
7 -10 25
7 -10 26
7 -9 0
7 -9 27
7 -9 28
7 -8 0
7 -8 29
7 -8 30
7 -7 0
7 -7 31
7 -7 32
7 -6 0
7 -6 31
7 -6 32
7 -5 0
7 -5 31
7 -5 32
7 -4 0
7 -4 31
7 -4 32
7 -3 0
7 -3 31
7 -3 32
7 -2 0
7 -2 31
7 -2 32
7 -1 0
7 -1 31
7 -1 32
7 0 0
7 0 31
7 0 32
7 1 0
7 1 31
7 1 32
7 2 0
7 2 31
7 2 32
7 3 0
7 3 31
7 3 32
7 4 0
7 4 31
7 4 32
7 5 0
7 5 31
7 5 32
7 6 0
7 6 31
7 6 32
7 7 0
7 7 31
7 7 32
7 8 0
7 8 29
7 8 30
7 9 0
7 9 27
7 9 28
7 10 0
7 10 25
7 10 26
7 11 0
7 11 23
7 11 24
7 12 0
7 12 21
7 12 22
7 13 0
7 13 19
7 13 20
7 14 0
7 14 17
7 14 18
7 15 0
7 15 15
7 15 16
7 16 0
7 16 13
7 16 14
7 17 0
7 17 11
7 17 12
7 18 0
7 18 9
7 18 10
7 19 0
7 19 7
7 19 8
7 20 0
7 20 5
7 20 6
7 21 0
7 21 3
7 21 4
7 22 0
7 22 1
7 22 2
7 23 0
8 -23 0
8 -22 0
8 -22 1
8 -22 2
8 -21 0
8 -21 3
8 -21 4
8 -20 0
8 -20 5
8 -20 6
8 -19 0
8 -19 7
8 -19 8
8 -18 0
8 -18 9
8 -18 10
8 -17 0
8 -17 11
8 -17 12
8 -16 0
8 -16 13
8 -16 14
8 -15 0
8 -15 15
8 -15 16
8 -14 0
8 -14 17
8 -14 18
8 -13 0
8 -13 19
8 -13 20
8 -12 0
8 -12 21
8 -12 22
8 -11 0
8 -11 23
8 -11 24
8 -10 0
8 -10 25
8 -10 26
8 -9 0
8 -9 27
8 -9 28
8 -8 0
8 -8 29
8 -8 30
8 -7 0
8 -7 29
8 -7 30
8 -6 0
8 -6 29
8 -6 30
8 -5 0
8 -5 29
8 -5 30
8 -4 0
8 -4 29
8 -4 30
8 -3 0
8 -3 29
8 -3 30
8 -2 0
8 -2 29
8 -2 30
8 -1 0
8 -1 29
8 -1 30
8 0 0
8 0 29
8 0 30
8 1 0
8 1 29
8 1 30
8 2 0
8 2 29
8 2 30
8 3 0
8 3 29
8 3 30
8 4 0
8 4 29
8 4 30
8 5 0
8 5 29
8 5 30
8 6 0
8 6 29
8 6 30
8 7 0
8 7 29
8 7 30
8 8 0
8 8 29
8 8 30
8 9 0
8 9 27
8 9 28
8 10 0
8 10 25
8 10 26
8 11 0
8 11 23
8 11 24
8 12 0
8 12 21
8 12 22
8 13 0
8 13 19
8 13 20
8 14 0
8 14 17
8 14 18
8 15 0
8 15 15
8 15 16
8 16 0
8 16 13
8 16 14
8 17 0
8 17 11
8 17 12
8 18 0
8 18 9
8 18 10
8 19 0
8 19 7
8 19 8
8 20 0
8 20 5
8 20 6
8 21 0
8 21 3
8 21 4
8 22 0
8 22 1
8 22 2
8 23 0
9 -23 0
9 -22 0
9 -22 1
9 -22 2
9 -21 0
9 -21 3
9 -21 4
9 -20 0
9 -20 5
9 -20 6
9 -19 0
9 -19 7
9 -19 8
9 -18 0
9 -18 9
9 -18 10
9 -17 0
9 -17 11
9 -17 12
9 -16 0
9 -16 13
9 -16 14
9 -15 0
9 -15 15
9 -15 16
9 -14 0
9 -14 17
9 -14 18
9 -13 0
9 -13 19
9 -13 20
9 -12 0
9 -12 21
9 -12 22
9 -11 0
9 -11 23
9 -11 24
9 -10 0
9 -10 25
9 -10 26
9 -9 0
9 -9 27
9 -9 28
9 -8 0
9 -8 27
9 -8 28
9 -7 0
9 -7 27
9 -7 28
9 -6 0
9 -6 27
9 -6 28
9 -5 0
9 -5 27
9 -5 28
9 -4 0
9 -4 27
9 -4 28
9 -3 0
9 -3 27
9 -3 28
9 -2 0
9 -2 27
9 -2 28
9 -1 0
9 -1 27
9 -1 28
9 0 0
9 0 27
9 0 28
9 1 0
9 1 27
9 1 28
9 2 0
9 2 27
9 2 28
9 3 0
9 3 27
9 3 28
9 4 0
9 4 27
9 4 28
9 5 0
9 5 27
9 5 28
9 6 0
9 6 27
9 6 28
9 7 0
9 7 27
9 7 28
9 8 0
9 8 27
9 8 28
9 9 0
9 9 27
9 9 28
9 10 0
9 10 25
9 10 26
9 11 0
9 11 23
9 11 24
9 12 0
9 12 21
9 12 22
9 13 0
9 13 19
9 13 20
9 14 0
9 14 17
9 14 18
9 15 0
9 15 15
9 15 16
9 16 0
9 16 13
9 16 14
9 17 0
9 17 11
9 17 12
9 18 0
9 18 9
9 18 10
9 19 0
9 19 7
9 19 8
9 20 0
9 20 5
9 20 6
9 21 0
9 21 3
9 21 4
9 22 0
9 22 1
9 22 2
9 23 0
10 -23 0
10 -22 0
10 -22 1
10 -22 2
10 -21 0
10 -21 3
10 -21 4
10 -20 0
10 -20 5
10 -20 6
10 -19 0
10 -19 7
10 -19 8
10 -18 0
10 -18 9
10 -18 10
10 -17 0
10 -17 11
10 -17 12
10 -16 0
10 -16 13
10 -16 14
10 -15 0
10 -15 15
10 -15 16
10 -14 0
10 -14 17
10 -14 18
10 -13 0
10 -13 19
10 -13 20
10 -12 0
10 -12 21
10 -12 22
10 -11 0
10 -11 23
10 -11 24
10 -10 0
10 -10 25
10 -10 26
10 -9 0
10 -9 25
10 -9 26
10 -8 0
10 -8 25
10 -8 26
10 -7 0
10 -7 25
10 -7 26
10 -6 0
10 -6 25
10 -6 26
10 -5 0
10 -5 25
10 -5 26
10 -4 0
10 -4 25
10 -4 26
10 -3 0
10 -3 25
10 -3 26
10 -2 0
10 -2 25
10 -2 26
10 -1 0
10 -1 25
10 -1 26
10 0 0
10 0 25
10 0 26
10 1 0
10 1 25
10 1 26
10 2 0
10 2 25
10 2 26
10 3 0
10 3 25
10 3 26
10 4 0
10 4 25
10 4 26
10 5 0
10 5 25
10 5 26
10 6 0
10 6 25
10 6 26
10 7 0
10 7 25
10 7 26
10 8 0
10 8 25
10 8 26
10 9 0
10 9 25
10 9 26
10 10 0
10 10 25
10 10 26
10 11 0
10 11 23
10 11 24
10 12 0
10 12 21
10 12 22
10 13 0
10 13 19
10 13 20
10 14 0
10 14 17
10 14 18
10 15 0
10 15 15
10 15 16
10 16 0
10 16 13
10 16 14
10 17 0
10 17 11
10 17 12
10 18 0
10 18 9
10 18 10
10 19 0
10 19 7
10 19 8
10 20 0
10 20 5
10 20 6
10 21 0
10 21 3
10 21 4
10 22 0
10 22 1
10 22 2
10 23 0
11 -23 0
11 -22 0
11 -22 1
11 -22 2
11 -21 0
11 -21 3
11 -21 4
11 -20 0
11 -20 5
11 -20 6
11 -19 0
11 -19 7
11 -19 8
11 -18 0
11 -18 9
11 -18 10
11 -17 0
11 -17 11
11 -17 12
11 -16 0
11 -16 13
11 -16 14
11 -15 0
11 -15 15
11 -15 16
11 -14 0
11 -14 17
11 -14 18
11 -13 0
11 -13 19
11 -13 20
11 -12 0
11 -12 21
11 -12 22
11 -11 0
11 -11 23
11 -11 24
11 -10 0
11 -10 23
11 -10 24
11 -9 0
11 -9 23
11 -9 24
11 -8 0
11 -8 23
11 -8 24
11 -7 0
11 -7 23
11 -7 24
11 -6 0
11 -6 23
11 -6 24
11 -5 0
11 -5 23
11 -5 24
11 -4 0
11 -4 23
11 -4 24
11 -3 0
11 -3 23
11 -3 24
11 -2 0
11 -2 23
11 -2 24
11 -1 0
11 -1 23
11 -1 24
11 0 0
11 0 23
11 0 24
11 1 0
11 1 23
11 1 24
11 2 0
11 2 23
11 2 24
11 3 0
11 3 23
11 3 24
11 4 0
11 4 23
11 4 24
11 5 0
11 5 23
11 5 24
11 6 0
11 6 23
11 6 24
11 7 0
11 7 23
11 7 24
11 8 0
11 8 23
11 8 24
11 9 0
11 9 23
11 9 24
11 10 0
11 10 23
11 10 24
11 11 0
11 11 23
11 11 24
11 12 0
11 12 21
11 12 22
11 13 0
11 13 19
11 13 20
11 14 0
11 14 17
11 14 18
11 15 0
11 15 15
11 15 16
11 16 0
11 16 13
11 16 14
11 17 0
11 17 11
11 17 12
11 18 0
11 18 9
11 18 10
11 19 0
11 19 7
11 19 8
11 20 0
11 20 5
11 20 6
11 21 0
11 21 3
11 21 4
11 22 0
11 22 1
11 22 2
11 23 0
12 -23 0
12 -22 0
12 -22 1
12 -22 2
12 -21 0
12 -21 3
12 -21 4
12 -20 0
12 -20 5
12 -20 6
12 -19 0
12 -19 7
12 -19 8
12 -18 0
12 -18 9
12 -18 10
12 -17 0
12 -17 11
12 -17 12
12 -16 0
12 -16 13
12 -16 14
12 -15 0
12 -15 15
12 -15 16
12 -14 0
12 -14 17
12 -14 18
12 -13 0
12 -13 19
12 -13 20
12 -12 0
12 -12 21
12 -12 22
12 -11 0
12 -11 21
12 -11 22
12 -10 0
12 -10 21
12 -10 22
12 -9 0
12 -9 21
12 -9 22
12 -8 0
12 -8 21
12 -8 22
12 -7 0
12 -7 21
12 -7 22
12 -6 0
12 -6 21
12 -6 22
12 -5 0
12 -5 21
12 -5 22
12 -4 0
12 -4 21
12 -4 22
12 -3 0
12 -3 21
12 -3 22
12 -2 0
12 -2 21
12 -2 22
12 -1 0
12 -1 21
12 -1 22
12 0 0
12 0 21
12 0 22
12 1 0
12 1 21
12 1 22
12 2 0
12 2 21
12 2 22
12 3 0
12 3 21
12 3 22
12 4 0
12 4 21
12 4 22
12 5 0
12 5 21
12 5 22
12 6 0
12 6 21
12 6 22
12 7 0
12 7 21
12 7 22
12 8 0
12 8 21
12 8 22
12 9 0
12 9 21
12 9 22
12 10 0
12 10 21
12 10 22
12 11 0
12 11 21
12 11 22
12 12 0
12 12 21
12 12 22
12 13 0
12 13 19
12 13 20
12 14 0
12 14 17
12 14 18
12 15 0
12 15 15
12 15 16
12 16 0
12 16 13
12 16 14
12 17 0
12 17 11
12 17 12
12 18 0
12 18 9
12 18 10
12 19 0
12 19 7
12 19 8
12 20 0
12 20 5
12 20 6
12 21 0
12 21 3
12 21 4
12 22 0
12 22 1
12 22 2
12 23 0
13 -23 0
13 -22 0
13 -22 1
13 -22 2
13 -21 0
13 -21 3
13 -21 4
13 -20 0
13 -20 5
13 -20 6
13 -19 0
13 -19 7
13 -19 8
13 -18 0
13 -18 9
13 -18 10
13 -17 0
13 -17 11
13 -17 12
13 -16 0
13 -16 13
13 -16 14
13 -15 0
13 -15 15
13 -15 16
13 -14 0
13 -14 17
13 -14 18
13 -13 0
13 -13 19
13 -13 20
13 -12 0
13 -12 19
13 -12 20
13 -11 0
13 -11 19
13 -11 20
13 -10 0
13 -10 19
13 -10 20
13 -9 0
13 -9 19
13 -9 20
13 -8 0
13 -8 19
13 -8 20
13 -7 0
13 -7 19
13 -7 20
13 -6 0
13 -6 19
13 -6 20
13 -5 0
13 -5 19
13 -5 20
13 -4 0
13 -4 19
13 -4 20
13 -3 0
13 -3 19
13 -3 20
13 -2 0
13 -2 19
13 -2 20
13 -1 0
13 -1 19
13 -1 20
13 0 0
13 0 19
13 0 20
13 1 0
13 1 19
13 1 20
13 2 0
13 2 19
13 2 20
13 3 0
13 3 19
13 3 20
13 4 0
13 4 19
13 4 20
13 5 0
13 5 19
13 5 20
13 6 0
13 6 19
13 6 20
13 7 0
13 7 19
13 7 20
13 8 0
13 8 19
13 8 20
13 9 0
13 9 19
13 9 20
13 10 0
13 10 19
13 10 20
13 11 0
13 11 19
13 11 20
13 12 0
13 12 19
13 12 20
13 13 0
13 13 19
13 13 20
13 14 0
13 14 17
13 14 18
13 15 0
13 15 15
13 15 16
13 16 0
13 16 13
13 16 14
13 17 0
13 17 11
13 17 12
13 18 0
13 18 9
13 18 10
13 19 0
13 19 7
13 19 8
13 20 0
13 20 5
13 20 6
13 21 0
13 21 3
13 21 4
13 22 0
13 22 1
13 22 2
13 23 0
14 -23 0
14 -22 0
14 -22 1
14 -22 2
14 -21 0
14 -21 3
14 -21 4
14 -20 0
14 -20 5
14 -20 6
14 -19 0
14 -19 7
14 -19 8
14 -18 0
14 -18 9
14 -18 10
14 -17 0
14 -17 11
14 -17 12
14 -16 0
14 -16 13
14 -16 14
14 -15 0
14 -15 15
14 -15 16
14 -14 0
14 -14 17
14 -14 18
14 -13 0
14 -13 17
14 -13 18
14 -12 0
14 -12 17
14 -12 18
14 -11 0
14 -11 17
14 -11 18
14 -10 0
14 -10 17
14 -10 18
14 -9 0
14 -9 17
14 -9 18
14 -8 0
14 -8 17
14 -8 18
14 -7 0
14 -7 17
14 -7 18
14 -6 0
14 -6 17
14 -6 18
14 -5 0
14 -5 17
14 -5 18
14 -4 0
14 -4 17
14 -4 18
14 -3 0
14 -3 17
14 -3 18
14 -2 0
14 -2 17
14 -2 18
14 -1 0
14 -1 17
14 -1 18
14 0 0
14 0 17
14 0 18
14 1 0
14 1 17
14 1 18
14 2 0
14 2 17
14 2 18
14 3 0
14 3 17
14 3 18
14 4 0
14 4 17
14 4 18
14 5 0
14 5 17
14 5 18
14 6 0
14 6 17
14 6 18
14 7 0
14 7 17
14 7 18
14 8 0
14 8 17
14 8 18
14 9 0
14 9 17
14 9 18
14 10 0
14 10 17
14 10 18
14 11 0
14 11 17
14 11 18
14 12 0
14 12 17
14 12 18
14 13 0
14 13 17
14 13 18
14 14 0
14 14 17
14 14 18
14 15 0
14 15 15
14 15 16
14 16 0
14 16 13
14 16 14
14 17 0
14 17 11
14 17 12
14 18 0
14 18 9
14 18 10
14 19 0
14 19 7
14 19 8
14 20 0
14 20 5
14 20 6
14 21 0
14 21 3
14 21 4
14 22 0
14 22 1
14 22 2
14 23 0
15 -23 0
15 -22 0
15 -22 1
15 -22 2
15 -21 0
15 -21 3
15 -21 4
15 -20 0
15 -20 5
15 -20 6
15 -19 0
15 -19 7
15 -19 8
15 -18 0
15 -18 9
15 -18 10
15 -17 0
15 -17 11
15 -17 12
15 -16 0
15 -16 13
15 -16 14
15 -15 0
15 -15 15
15 -15 16
15 -14 0
15 -14 15
15 -14 16
15 -13 0
15 -13 15
15 -13 16
15 -12 0
15 -12 15
15 -12 16
15 -11 0
15 -11 15
15 -11 16
15 -10 0
15 -10 15
15 -10 16
15 -9 0
15 -9 15
15 -9 16
15 -8 0
15 -8 15
15 -8 16
15 -7 0
15 -7 15
15 -7 16
15 -6 0
15 -6 15
15 -6 16
15 -5 0
15 -5 15
15 -5 16
15 -4 0
15 -4 15
15 -4 16
15 -3 0
15 -3 15
15 -3 16
15 -2 0
15 -2 15
15 -2 16
15 -1 0
15 -1 15
15 -1 16
15 0 0
15 0 15
15 0 16
15 1 0
15 1 15
15 1 16
15 2 0
15 2 15
15 2 16
15 3 0
15 3 15
15 3 16
15 4 0
15 4 15
15 4 16
15 5 0
15 5 15
15 5 16
15 6 0
15 6 15
15 6 16
15 7 0
15 7 15
15 7 16
15 8 0
15 8 15
15 8 16
15 9 0
15 9 15
15 9 16
15 10 0
15 10 15
15 10 16
15 11 0
15 11 15
15 11 16
15 12 0
15 12 15
15 12 16
15 13 0
15 13 15
15 13 16
15 14 0
15 14 15
15 14 16
15 15 0
15 15 15
15 15 16
15 16 0
15 16 13
15 16 14
15 17 0
15 17 11
15 17 12
15 18 0
15 18 9
15 18 10
15 19 0
15 19 7
15 19 8
15 20 0
15 20 5
15 20 6
15 21 0
15 21 3
15 21 4
15 22 0
15 22 1
15 22 2
15 23 0
16 -23 0
16 -22 0
16 -22 1
16 -22 2
16 -21 0
16 -21 3
16 -21 4
16 -20 0
16 -20 5
16 -20 6
16 -19 0
16 -19 7
16 -19 8
16 -18 0
16 -18 9
16 -18 10
16 -17 0
16 -17 11
16 -17 12
16 -16 0
16 -16 13
16 -16 14
16 -15 0
16 -15 13
16 -15 14
16 -14 0
16 -14 13
16 -14 14
16 -13 0
16 -13 13
16 -13 14
16 -12 0
16 -12 13
16 -12 14
16 -11 0
16 -11 13
16 -11 14
16 -10 0
16 -10 13
16 -10 14
16 -9 0
16 -9 13
16 -9 14
16 -8 0
16 -8 13
16 -8 14
16 -7 0
16 -7 13
16 -7 14
16 -6 0
16 -6 13
16 -6 14
16 -5 0
16 -5 13
16 -5 14
16 -4 0
16 -4 13
16 -4 14
16 -3 0
16 -3 13
16 -3 14
16 -2 0
16 -2 13
16 -2 14
16 -1 0
16 -1 13
16 -1 14
16 0 0
16 0 13
16 0 14
16 1 0
16 1 13
16 1 14
16 2 0
16 2 13
16 2 14
16 3 0
16 3 13
16 3 14
16 4 0
16 4 13
16 4 14
16 5 0
16 5 13
16 5 14
16 6 0
16 6 13
16 6 14
16 7 0
16 7 13
16 7 14
16 8 0
16 8 13
16 8 14
16 9 0
16 9 13
16 9 14
16 10 0
16 10 13
16 10 14
16 11 0
16 11 13
16 11 14
16 12 0
16 12 13
16 12 14
16 13 0
16 13 13
16 13 14
16 14 0
16 14 13
16 14 14
16 15 0
16 15 13
16 15 14
16 16 0
16 16 13
16 16 14
16 17 0
16 17 11
16 17 12
16 18 0
16 18 9
16 18 10
16 19 0
16 19 7
16 19 8
16 20 0
16 20 5
16 20 6
16 21 0
16 21 3
16 21 4
16 22 0
16 22 1
16 22 2
16 23 0
17 -23 0
17 -22 0
17 -22 1
17 -22 2
17 -21 0
17 -21 3
17 -21 4
17 -20 0
17 -20 5
17 -20 6
17 -19 0
17 -19 7
17 -19 8
17 -18 0
17 -18 9
17 -18 10
17 -17 0
17 -17 11
17 -17 12
17 -16 0
17 -16 11
17 -16 12
17 -15 0
17 -15 11
17 -15 12
17 -14 0
17 -14 11
17 -14 12
17 -13 0
17 -13 11
17 -13 12
17 -12 0
17 -12 11
17 -12 12
17 -11 0
17 -11 11
17 -11 12
17 -10 0
17 -10 11
17 -10 12
17 -9 0
17 -9 11
17 -9 12
17 -8 0
17 -8 11
17 -8 12
17 -7 0
17 -7 11
17 -7 12
17 -6 0
17 -6 11
17 -6 12
17 -5 0
17 -5 11
17 -5 12
17 -4 0
17 -4 11
17 -4 12
17 -3 0
17 -3 11
17 -3 12
17 -2 0
17 -2 11
17 -2 12
17 -1 0
17 -1 11
17 -1 12
17 0 0
17 0 11
17 0 12
17 1 0
17 1 11
17 1 12
17 2 0
17 2 11
17 2 12
17 3 0
17 3 11
17 3 12
17 4 0
17 4 11
17 4 12
17 5 0
17 5 11
17 5 12
17 6 0
17 6 11
17 6 12
17 7 0
17 7 11
17 7 12
17 8 0
17 8 11
17 8 12
17 9 0
17 9 11
17 9 12
17 10 0
17 10 11
17 10 12
17 11 0
17 11 11
17 11 12
17 12 0
17 12 11
17 12 12
17 13 0
17 13 11
17 13 12
17 14 0
17 14 11
17 14 12
17 15 0
17 15 11
17 15 12
17 16 0
17 16 11
17 16 12
17 17 0
17 17 11
17 17 12
17 18 0
17 18 9
17 18 10
17 19 0
17 19 7
17 19 8
17 20 0
17 20 5
17 20 6
17 21 0
17 21 3
17 21 4
17 22 0
17 22 1
17 22 2
17 23 0
18 -23 0
18 -22 0
18 -22 1
18 -22 2
18 -21 0
18 -21 3
18 -21 4
18 -20 0
18 -20 5
18 -20 6
18 -19 0
18 -19 7
18 -19 8
18 -18 0
18 -18 9
18 -18 10
18 -17 0
18 -17 9
18 -17 10
18 -16 0
18 -16 9
18 -16 10
18 -15 0
18 -15 9
18 -15 10
18 -14 0
18 -14 9
18 -14 10
18 -13 0
18 -13 9
18 -13 10
18 -12 0
18 -12 9
18 -12 10
18 -11 0
18 -11 9
18 -11 10
18 -10 0
18 -10 9
18 -10 10
18 -9 0
18 -9 9
18 -9 10
18 -8 0
18 -8 9
18 -8 10
18 -7 0
18 -7 9
18 -7 10
18 -6 0
18 -6 9
18 -6 10
18 -5 0
18 -5 9
18 -5 10
18 -4 0
18 -4 9
18 -4 10
18 -3 0
18 -3 9
18 -3 10
18 -2 0
18 -2 9
18 -2 10
18 -1 0
18 -1 9
18 -1 10
18 0 0
18 0 9
18 0 10
18 1 0
18 1 9
18 1 10
18 2 0
18 2 9
18 2 10
18 3 0
18 3 9
18 3 10
18 4 0
18 4 9
18 4 10
18 5 0
18 5 9
18 5 10
18 6 0
18 6 9
18 6 10
18 7 0
18 7 9
18 7 10
18 8 0
18 8 9
18 8 10
18 9 0
18 9 9
18 9 10
18 10 0
18 10 9
18 10 10
18 11 0
18 11 9
18 11 10
18 12 0
18 12 9
18 12 10
18 13 0
18 13 9
18 13 10
18 14 0
18 14 9
18 14 10
18 15 0
18 15 9
18 15 10
18 16 0
18 16 9
18 16 10
18 17 0
18 17 9
18 17 10
18 18 0
18 18 9
18 18 10
18 19 0
18 19 7
18 19 8
18 20 0
18 20 5
18 20 6
18 21 0
18 21 3
18 21 4
18 22 0
18 22 1
18 22 2
18 23 0
19 -23 0
19 -22 0
19 -22 1
19 -22 2
19 -21 0
19 -21 3
19 -21 4
19 -20 0
19 -20 5
19 -20 6
19 -19 0
19 -19 7
19 -19 8
19 -18 0
19 -18 7
19 -18 8
19 -17 0
19 -17 7
19 -17 8
19 -16 0
19 -16 7
19 -16 8
19 -15 0
19 -15 7
19 -15 8
19 -14 0
19 -14 7
19 -14 8
19 -13 0
19 -13 7
19 -13 8
19 -12 0
19 -12 7
19 -12 8
19 -11 0
19 -11 7
19 -11 8
19 -10 0
19 -10 7
19 -10 8
19 -9 0
19 -9 7
19 -9 8
19 -8 0
19 -8 7
19 -8 8
19 -7 0
19 -7 7
19 -7 8
19 -6 0
19 -6 7
19 -6 8
19 -5 0
19 -5 7
19 -5 8
19 -4 0
19 -4 7
19 -4 8
19 -3 0
19 -3 7
19 -3 8
19 -2 0
19 -2 7
19 -2 8
19 -1 0
19 -1 7
19 -1 8
19 0 0
19 0 7
19 0 8
19 1 0
19 1 7
19 1 8
19 2 0
19 2 7
19 2 8
19 3 0
19 3 7
19 3 8
19 4 0
19 4 7
19 4 8
19 5 0
19 5 7
19 5 8
19 6 0
19 6 7
19 6 8
19 7 0
19 7 7
19 7 8
19 8 0
19 8 7
19 8 8
19 9 0
19 9 7
19 9 8
19 10 0
19 10 7
19 10 8
19 11 0
19 11 7
19 11 8
19 12 0
19 12 7
19 12 8
19 13 0
19 13 7
19 13 8
19 14 0
19 14 7
19 14 8
19 15 0
19 15 7
19 15 8
19 16 0
19 16 7
19 16 8
19 17 0
19 17 7
19 17 8
19 18 0
19 18 7
19 18 8
19 19 0
19 19 7
19 19 8
19 20 0
19 20 5
19 20 6
19 21 0
19 21 3
19 21 4
19 22 0
19 22 1
19 22 2
19 23 0
20 -23 0
20 -22 0
20 -22 1
20 -22 2
20 -21 0
20 -21 3
20 -21 4
20 -20 0
20 -20 5
20 -20 6
20 -19 0
20 -19 5
20 -19 6
20 -18 0
20 -18 5
20 -18 6
20 -17 0
20 -17 5
20 -17 6
20 -16 0
20 -16 5
20 -16 6
20 -15 0
20 -15 5
20 -15 6
20 -14 0
20 -14 5
20 -14 6
20 -13 0
20 -13 5
20 -13 6
20 -12 0
20 -12 5
20 -12 6
20 -11 0
20 -11 5
20 -11 6
20 -10 0
20 -10 5
20 -10 6
20 -9 0
20 -9 5
20 -9 6
20 -8 0
20 -8 5
20 -8 6
20 -7 0
20 -7 5
20 -7 6
20 -6 0
20 -6 5
20 -6 6
20 -5 0
20 -5 5
20 -5 6
20 -4 0
20 -4 5
20 -4 6
20 -3 0
20 -3 5
20 -3 6
20 -2 0
20 -2 5
20 -2 6
20 -1 0
20 -1 5
20 -1 6
20 0 0
20 0 5
20 0 6
20 1 0
20 1 5
20 1 6
20 2 0
20 2 5
20 2 6
20 3 0
20 3 5
20 3 6
20 4 0
20 4 5
20 4 6
20 5 0
20 5 5
20 5 6
20 6 0
20 6 5
20 6 6
20 7 0
20 7 5
20 7 6
20 8 0
20 8 5
20 8 6
20 9 0
20 9 5
20 9 6
20 10 0
20 10 5
20 10 6
20 11 0
20 11 5
20 11 6
20 12 0
20 12 5
20 12 6
20 13 0
20 13 5
20 13 6
20 14 0
20 14 5
20 14 6
20 15 0
20 15 5
20 15 6
20 16 0
20 16 5
20 16 6
20 17 0
20 17 5
20 17 6
20 18 0
20 18 5
20 18 6
20 19 0
20 19 5
20 19 6
20 20 0
20 20 5
20 20 6
20 21 0
20 21 3
20 21 4
20 22 0
20 22 1
20 22 2
20 23 0
21 -23 0
21 -22 0
21 -22 1
21 -22 2
21 -21 0
21 -21 3
21 -21 4
21 -20 0
21 -20 3
21 -20 4
21 -19 0
21 -19 3
21 -19 4
21 -18 0
21 -18 3
21 -18 4
21 -17 0
21 -17 3
21 -17 4
21 -16 0
21 -16 3
21 -16 4
21 -15 0
21 -15 3
21 -15 4
21 -14 0
21 -14 3
21 -14 4
21 -13 0
21 -13 3
21 -13 4
21 -12 0
21 -12 3
21 -12 4
21 -11 0
21 -11 3
21 -11 4
21 -10 0
21 -10 3
21 -10 4
21 -9 0
21 -9 3
21 -9 4
21 -8 0
21 -8 3
21 -8 4
21 -7 0
21 -7 3
21 -7 4
21 -6 0
21 -6 3
21 -6 4
21 -5 0
21 -5 3
21 -5 4
21 -4 0
21 -4 3
21 -4 4
21 -3 0
21 -3 3
21 -3 4
21 -2 0
21 -2 3
21 -2 4
21 -1 0
21 -1 3
21 -1 4
21 0 0
21 0 3
21 0 4
21 1 0
21 1 3
21 1 4
21 2 0
21 2 3
21 2 4
21 3 0
21 3 3
21 3 4
21 4 0
21 4 3
21 4 4
21 5 0
21 5 3
21 5 4
21 6 0
21 6 3
21 6 4
21 7 0
21 7 3
21 7 4
21 8 0
21 8 3
21 8 4
21 9 0
21 9 3
21 9 4
21 10 0
21 10 3
21 10 4
21 11 0
21 11 3
21 11 4
21 12 0
21 12 3
21 12 4
21 13 0
21 13 3
21 13 4
21 14 0
21 14 3
21 14 4
21 15 0
21 15 3
21 15 4
21 16 0
21 16 3
21 16 4
21 17 0
21 17 3
21 17 4
21 18 0
21 18 3
21 18 4
21 19 0
21 19 3
21 19 4
21 20 0
21 20 3
21 20 4
21 21 0
21 21 3
21 21 4
21 22 0
21 22 1
21 22 2
21 23 0
22 -23 0
22 -22 0
22 -22 1
22 -22 2
22 -21 0
22 -21 1
22 -21 2
22 -20 0
22 -20 1
22 -20 2
22 -19 0
22 -19 1
22 -19 2
22 -18 0
22 -18 1
22 -18 2
22 -17 0
22 -17 1
22 -17 2
22 -16 0
22 -16 1
22 -16 2
22 -15 0
22 -15 1
22 -15 2
22 -14 0
22 -14 1
22 -14 2
22 -13 0
22 -13 1
22 -13 2
22 -12 0
22 -12 1
22 -12 2
22 -11 0
22 -11 1
22 -11 2
22 -10 0
22 -10 1
22 -10 2
22 -9 0
22 -9 1
22 -9 2
22 -8 0
22 -8 1
22 -8 2
22 -7 0
22 -7 1
22 -7 2
22 -6 0
22 -6 1
22 -6 2
22 -5 0
22 -5 1
22 -5 2
22 -4 0
22 -4 1
22 -4 2
22 -3 0
22 -3 1
22 -3 2
22 -2 0
22 -2 1
22 -2 2
22 -1 0
22 -1 1
22 -1 2
22 0 0
22 0 1
22 0 2
22 1 0
22 1 1
22 1 2
22 2 0
22 2 1
22 2 2
22 3 0
22 3 1
22 3 2
22 4 0
22 4 1
22 4 2
22 5 0
22 5 1
22 5 2
22 6 0
22 6 1
22 6 2
22 7 0
22 7 1
22 7 2
22 8 0
22 8 1
22 8 2
22 9 0
22 9 1
22 9 2
22 10 0
22 10 1
22 10 2
22 11 0
22 11 1
22 11 2
22 12 0
22 12 1
22 12 2
22 13 0
22 13 1
22 13 2
22 14 0
22 14 1
22 14 2
22 15 0
22 15 1
22 15 2
22 16 0
22 16 1
22 16 2
22 17 0
22 17 1
22 17 2
22 18 0
22 18 1
22 18 2
22 19 0
22 19 1
22 19 2
22 20 0
22 20 1
22 20 2
22 21 0
22 21 1
22 21 2
22 22 0
22 22 1
22 22 2
22 23 0
23 -23 0
23 -22 0
23 -21 0
23 -20 0
23 -19 0
23 -18 0
23 -17 0
23 -16 0
23 -15 0
23 -14 0
23 -13 0
23 -12 0
23 -11 0
23 -10 0
23 -9 0
23 -8 0
23 -7 0
23 -6 0
23 -5 0
23 -4 0
23 -3 0
23 -2 0
23 -1 0
23 0 0
23 1 0
23 2 0
23 3 0
23 4 0
23 5 0
23 6 0
23 7 0
23 8 0
23 9 0
23 10 0
23 11 0
23 12 0
23 13 0
23 14 0
23 15 0
23 16 0
23 17 0
23 18 0
23 19 0
23 20 0
23 21 0
23 22 0
23 23 0
