394 496
394 497
395 496
395 497
396 496
396 497
397 496
397 497
398 496
398 497
399 496
399 497
400 490
400 491
400 492
400 493
400 494
400 495
400 498
400 499
400 500
400 501
400 502
400 503
401 490
401 491
401 492
401 493
401 494
401 499
401 500
401 501
401 502
401 503
402 495
402 498
403 495
403 498
404 495
404 498
405 495
405 498
406 495
406 498
407 483
407 484
407 495
407 498
407 509
407 510
408 483
408 484
408 495
408 498
408 509
408 510
409 483
409 484
409 495
409 498
409 509
409 510
410 483
410 484
410 495
410 498
410 509
410 510
411 483
411 484
411 495
411 498
411 509
411 510
412 483
412 485
412 486
412 487
412 488
412 489
412 490
412 491
412 492
412 493
412 494
412 499
412 500
412 501
412 502
412 503
412 504
412 505
412 506
412 507
412 508
412 510
413 477
413 478
413 479
413 480
413 481
413 482
413 511
413 512
413 513
413 514
413 515
413 516
414 477
414 478
414 479
414 480
414 481
414 482
414 511
414 512
414 513
414 514
414 515
414 516
415 483
415 485
415 486
415 487
415 488
415 489
415 490
415 491
415 492
415 493
415 501
415 502
415 503
415 504
415 505
415 506
415 507
415 508
415 510
416 483
416 484
416 494
416 500
416 509
416 510
417 473
417 483
417 484
417 494
417 500
417 509
417 510
417 520
417 521
418 473
418 483
418 484
418 494
418 500
418 509
418 510
418 520
418 521
419 471
419 472
419 473
419 483
419 484
419 494
419 500
419 509
419 510
419 520
419 522
420 471
420 473
420 483
420 484
420 494
420 500
420 509
420 510
420 520
420 522
421 471
421 473
421 494
421 500
421 520
421 522
422 471
422 473
422 494
422 500
422 520
422 522
423 471
423 473
423 494
423 500
423 520
423 522
424 466
424 467
424 468
424 469
424 470
424 474
424 475
424 476
424 477
424 478
424 479
424 480
424 494
424 500
424 514
424 515
424 516
424 517
424 518
424 519
424 523
424 524
424 525
424 526
424 527
425 465
425 478
425 494
425 500
425 515
425 528
426 465
426 466
426 467
426 468
426 469
426 470
426 475
426 476
426 477
426 478
426 494
426 500
426 515
426 516
426 517
426 518
426 524
426 525
426 526
426 527
426 528
427 471
427 474
427 494
427 500
427 519
427 523
428 471
428 474
428 494
428 500
428 519
428 523
429 471
429 474
429 494
429 500
429 519
429 523
430 460
430 471
430 474
430 494
430 500
430 519
430 523
430 533
430 534
431 460
431 471
431 474
431 494
431 500
431 519
431 523
431 533
431 534
432 458
432 459
432 460
432 471
432 474
432 484
432 485
432 494
432 500
432 508
432 509
432 519
432 523
432 533
432 535
433 458
433 460
433 471
433 474
433 484
433 485
433 494
433 500
433 508
433 509
433 519
433 523
433 533
433 535
434 458
434 460
434 471
434 475
434 476
434 477
434 478
434 479
434 480
434 481
434 482
434 483
434 486
434 487
434 488
434 489
434 490
434 491
434 492
434 493
434 501
434 502
434 503
434 504
434 505
434 506
434 507
434 510
434 511
434 512
434 513
434 514
434 515
434 516
434 517
434 518
434 523
434 533
434 535
435 458
435 460
435 471
435 523
435 533
435 535
436 458
436 461
436 462
436 463
436 464
436 465
436 466
436 467
436 468
436 469
436 470
436 524
436 525
436 526
436 527
436 528
436 529
436 530
436 531
436 532
436 535
437 453
437 454
437 455
437 456
437 457
437 536
437 537
437 538
437 539
437 540
438 452
438 541
439 452
439 453
439 454
439 455
439 456
439 457
439 536
439 537
439 538
439 539
439 540
439 541
440 458
440 461
440 462
440 463
440 464
440 465
440 466
440 467
440 468
440 476
440 477
440 478
440 479
440 480
440 481
440 482
440 483
440 486
440 487
440 488
440 489
440 490
440 503
440 504
440 505
440 506
440 507
440 510
440 511
440 512
440 513
440 514
440 515
440 516
440 517
440 518
440 525
440 526
440 527
440 528
440 529
440 530
440 531
440 532
440 535
441 458
441 460
441 469
441 475
441 484
441 485
441 491
441 502
441 508
441 509
441 519
441 524
441 533
441 535
442 448
442 449
442 458
442 460
442 469
442 475
442 484
442 485
442 491
442 502
442 508
442 509
442 519
442 524
442 533
442 535
442 545
443 448
443 449
443 458
443 460
443 469
443 475
443 484
443 485
443 491
443 502
443 508
443 509
443 519
443 524
443 533
443 535
443 545
444 448
444 449
444 458
444 460
444 469
444 475
444 484
444 485
444 491
444 502
444 508
444 509
444 519
444 524
444 533
444 535
444 545
445 448
445 449
445 458
445 459
445 469
445 475
445 484
445 485
445 491
445 502
445 508
445 509
445 519
445 524
445 534
445 535
445 545
446 448
446 449
446 469
446 475
446 491
446 502
446 519
446 524
446 545
447 448
447 449
447 469
447 475
447 491
447 502
447 519
447 524
447 545
448 448
448 449
448 469
448 475
448 491
448 502
448 519
448 524
448 545
449 442
449 443
449 444
449 445
449 446
449 447
449 450
449 451
449 452
449 453
449 454
449 455
449 469
449 475
449 491
449 502
449 519
449 524
449 538
449 539
449 540
449 541
449 542
449 543
449 544
449 546
449 547
449 548
449 549
449 550
449 551
449 552
450 447
450 449
450 466
450 467
450 468
450 476
450 477
450 478
450 479
450 480
450 491
450 502
450 514
450 515
450 516
450 517
450 518
450 525
450 526
450 527
450 544
450 546
451 447
451 449
451 469
451 475
451 491
451 502
451 519
451 524
451 544
451 546
452 447
452 449
452 469
452 475
452 491
452 502
452 519
452 524
452 544
452 546
453 447
453 449
453 469
453 475
453 491
453 502
453 519
453 524
453 544
453 546
454 447
454 449
454 469
454 475
454 491
454 502
454 519
454 524
454 544
454 546
455 435
455 436
455 447
455 449
455 469
455 475
455 491
455 502
455 519
455 524
455 544
455 546
455 558
456 435
456 436
456 447
456 449
456 469
456 476
456 477
456 478
456 479
456 480
456 481
456 482
456 483
456 484
456 485
456 486
456 487
456 488
456 489
456 490
456 503
456 504
456 505
456 506
456 507
456 508
456 509
456 510
456 511
456 512
456 513
456 514
456 515
456 516
456 517
456 518
456 524
456 544
456 546
456 558
457 435
457 436
457 447
457 449
457 469
457 524
457 544
457 546
457 558
458 435
458 436
458 447
458 449
458 469
458 524
458 544
458 546
458 558
459 435
459 436
459 447
459 450
459 451
459 452
459 453
459 454
459 455
459 456
459 457
459 458
459 459
459 460
459 461
459 462
459 463
459 464
459 465
459 466
459 467
459 468
459 525
459 526
459 527
459 528
459 529
459 530
459 531
459 532
459 533
459 534
459 535
459 536
459 537
459 538
459 539
459 540
459 541
459 542
459 543
459 546
459 558
460 435
460 436
460 447
460 546
460 558
461 435
461 437
461 438
461 439
461 440
461 441
461 442
461 443
461 444
461 445
461 446
461 547
461 548
461 549
461 550
461 551
461 552
461 553
461 554
461 555
461 556
461 557
461 558
462 429
462 430
462 431
462 432
462 433
462 434
462 559
462 560
462 561
462 562
462 563
462 564
462 565
463 435
463 437
463 438
463 439
463 440
463 441
463 442
463 443
463 444
463 445
463 446
463 547
463 548
463 549
463 550
463 551
463 552
463 553
463 554
463 555
463 556
463 557
463 558
464 435
464 436
464 447
464 546
464 558
465 435
465 436
465 447
465 450
465 451
465 452
465 453
465 454
465 455
465 456
465 457
465 458
465 459
465 460
465 461
465 462
465 463
465 464
465 465
465 466
465 467
465 468
465 525
465 526
465 527
465 528
465 529
465 530
465 531
465 532
465 533
465 534
465 535
465 536
465 537
465 538
465 539
465 540
465 541
465 542
465 543
465 546
465 558
466 435
466 436
466 447
466 449
466 469
466 524
466 544
466 546
466 558
467 435
467 436
467 447
467 449
467 469
467 524
467 544
467 546
467 558
468 435
468 436
468 447
468 449
468 469
468 476
468 477
468 478
468 479
468 480
468 481
468 482
468 483
468 484
468 485
468 486
468 487
468 488
468 489
468 490
468 503
468 504
468 505
468 506
468 507
468 508
468 509
468 510
468 511
468 512
468 513
468 514
468 515
468 516
468 517
468 518
468 524
468 544
468 546
468 558
469 435
469 436
469 447
469 449
469 469
469 475
469 491
469 502
469 519
469 524
469 544
469 546
469 558
470 447
470 449
470 469
470 475
470 491
470 502
470 519
470 524
470 544
470 546
471 447
471 449
471 469
471 475
471 491
471 502
471 519
471 524
471 544
471 546
472 447
472 449
472 469
472 475
472 491
472 502
472 519
472 524
472 544
472 546
473 447
473 449
473 469
473 475
473 491
473 502
473 519
473 524
473 544
473 546
474 447
474 449
474 469
474 475
474 491
474 502
474 519
474 524
474 544
474 546
475 442
475 443
475 444
475 445
475 446
475 447
475 450
475 451
475 452
475 453
475 454
475 455
475 469
475 475
475 491
475 502
475 519
475 524
475 538
475 539
475 540
475 541
475 542
475 543
475 544
475 546
475 547
475 548
475 549
475 550
475 551
475 552
476 448
476 449
476 469
476 475
476 491
476 502
476 519
476 524
476 545
477 448
477 449
477 469
477 475
477 491
477 502
477 519
477 524
477 545
478 448
478 449
478 469
478 475
478 491
478 502
478 519
478 524
478 545
479 448
479 449
479 458
479 459
479 469
479 475
479 484
479 485
479 491
479 502
479 508
479 509
479 519
479 524
479 534
479 535
479 545
480 448
480 449
480 458
480 459
480 469
480 475
480 484
480 485
480 491
480 502
480 508
480 509
480 519
480 524
480 534
480 535
480 545
481 448
481 449
481 458
481 459
481 469
481 475
481 484
481 485
481 491
481 502
481 508
481 509
481 519
481 524
481 534
481 535
481 545
482 448
482 449
482 458
482 459
482 469
482 475
482 484
482 485
482 491
482 502
482 508
482 509
482 519
482 524
482 534
482 535
482 545
483 458
483 459
483 469
483 475
483 484
483 485
483 491
483 502
483 508
483 509
483 519
483 524
483 534
483 535
484 458
484 460
484 461
484 462
484 463
484 464
484 465
484 466
484 467
484 468
484 476
484 477
484 478
484 479
484 480
484 481
484 482
484 483
484 485
484 491
484 502
484 508
484 510
484 511
484 512
484 513
484 514
484 515
484 516
484 517
484 518
484 525
484 526
484 527
484 528
484 529
484 530
484 531
484 532
484 533
484 535
485 452
485 453
485 454
485 455
485 456
485 457
485 486
485 487
485 488
485 489
485 490
485 503
485 504
485 505
485 506
485 507
485 536
485 537
485 538
485 539
485 540
485 541
486 452
486 453
486 454
486 455
486 456
486 457
486 486
486 487
486 488
486 489
486 490
486 503
486 504
486 505
486 506
486 507
486 536
486 537
486 538
486 539
486 540
486 541
487 458
487 460
487 461
487 462
487 463
487 464
487 465
487 466
487 467
487 468
487 469
487 470
487 474
487 475
487 476
487 477
487 478
487 479
487 480
487 481
487 482
487 483
487 485
487 491
487 502
487 508
487 510
487 511
487 512
487 513
487 514
487 515
487 516
487 517
487 518
487 519
487 524
487 525
487 526
487 527
487 528
487 529
487 530
487 531
487 532
487 533
487 535
488 458
488 459
488 471
488 473
488 484
488 485
488 491
488 502
488 508
488 509
488 520
488 523
488 534
488 535
489 458
489 459
489 471
489 473
489 484
489 485
489 491
489 502
489 508
489 509
489 520
489 523
489 534
489 535
490 458
490 459
490 471
490 473
490 484
490 485
490 491
490 502
490 508
490 509
490 520
490 523
490 534
490 535
491 458
491 459
491 471
491 473
491 484
491 485
491 491
491 502
491 508
491 509
491 520
491 523
491 534
491 535
492 458
492 459
492 471
492 473
492 484
492 485
492 491
492 502
492 508
492 509
492 520
492 523
492 534
492 535
493 471
493 473
493 491
493 502
493 520
493 523
494 471
494 473
494 491
494 502
494 520
494 523
495 465
495 466
495 467
495 468
495 469
495 470
495 474
495 475
495 476
495 477
495 478
495 491
495 502
495 515
495 516
495 517
495 518
495 519
495 524
495 525
495 526
495 527
495 528
496 471
496 473
496 491
496 502
496 520
496 523
497 471
497 473
497 491
497 502
497 520
497 523
498 465
498 466
498 467
498 468
498 469
498 470
498 474
498 475
498 476
498 477
498 478
498 491
498 502
498 515
498 516
498 517
498 518
498 519
498 524
498 525
498 526
498 527
498 528
499 465
499 466
499 467
499 468
499 469
499 470
499 474
499 475
499 476
499 477
499 478
499 491
499 502
499 515
499 516
499 517
499 518
499 519
499 524
499 525
499 526
499 527
499 528
500 471
500 473
500 491
500 502
500 520
500 523
501 458
501 459
501 471
501 473
501 484
501 485
501 491
501 502
501 508
501 509
501 520
501 523
501 534
501 535
502 458
502 459
502 471
502 473
502 484
502 485
502 491
502 502
502 508
502 509
502 520
502 523
502 534
502 535
503 458
503 459
503 471
503 473
503 484
503 485
503 491
503 502
503 508
503 509
503 520
503 523
503 534
503 535
504 458
504 459
504 471
504 473
504 484
504 485
504 491
504 502
504 508
504 509
504 520
504 523
504 534
504 535
505 458
505 459
505 471
505 473
505 484
505 485
505 491
505 502
505 508
505 509
505 520
505 523
505 534
505 535
506 458
506 459
506 471
506 473
506 484
506 485
506 491
506 502
506 508
506 509
506 520
506 523
506 534
506 535
507 452
507 453
507 454
507 455
507 456
507 457
507 460
507 461
507 462
507 463
507 464
507 465
507 466
507 467
507 468
507 469
507 470
507 474
507 475
507 476
507 477
507 478
507 479
507 480
507 481
507 482
507 483
507 486
507 487
507 488
507 489
507 490
507 503
507 504
507 505
507 506
507 507
507 510
507 511
507 512
507 513
507 514
507 515
507 516
507 517
507 518
507 519
507 524
507 525
507 526
507 527
507 528
507 529
507 530
507 531
507 532
507 533
507 536
507 537
507 538
507 539
507 540
507 541
508 452
508 453
508 454
508 455
508 456
508 457
508 486
508 487
508 488
508 489
508 490
508 503
508 504
508 505
508 506
508 507
508 536
508 537
508 538
508 539
508 540
508 541
509 458
509 460
509 461
509 462
509 463
509 464
509 465
509 466
509 467
509 468
509 476
509 477
509 478
509 479
509 480
509 481
509 482
509 483
509 485
509 491
509 502
509 508
509 510
509 511
509 512
509 513
509 514
509 515
509 516
509 517
509 518
509 525
509 526
509 527
509 528
509 529
509 530
509 531
509 532
509 533
509 535
510 458
510 459
510 469
510 475
510 484
510 485
510 491
510 502
510 508
510 509
510 519
510 524
510 534
510 535
511 458
511 459
511 469
511 475
511 484
511 485
511 491
511 502
511 508
511 509
511 519
511 524
511 534
511 535
512 448
512 449
512 458
512 459
512 469
512 475
512 484
512 485
512 491
512 502
512 508
512 509
512 519
512 524
512 534
512 535
512 545
513 448
513 449
513 458
513 459
513 469
513 475
513 484
513 485
513 491
513 502
513 508
513 509
513 519
513 524
513 534
513 535
513 545
514 448
514 449
514 458
514 459
514 469
514 475
514 484
514 485
514 491
514 502
514 508
514 509
514 519
514 524
514 534
514 535
514 545
515 448
515 449
515 469
515 475
515 491
515 502
515 519
515 524
515 545
516 448
516 449
516 469
516 475
516 491
516 502
516 519
516 524
516 545
517 448
517 449
517 469
517 475
517 491
517 502
517 519
517 524
517 545
518 442
518 443
518 444
518 445
518 446
518 447
518 450
518 451
518 452
518 453
518 454
518 455
518 469
518 475
518 491
518 502
518 519
518 524
518 538
518 539
518 540
518 541
518 542
518 543
518 544
518 546
518 547
518 548
518 549
518 550
518 551
518 552
519 442
519 443
519 444
519 445
519 446
519 450
519 451
519 452
519 453
519 454
519 455
519 469
519 475
519 491
519 502
519 519
519 524
519 538
519 539
519 540
519 541
519 542
519 543
519 547
519 548
519 549
519 550
519 551
519 552
520 447
520 449
520 469
520 475
520 491
520 502
520 519
520 524
520 544
520 546
521 447
521 449
521 469
521 475
521 491
521 502
521 519
521 524
521 544
521 546
522 447
522 449
522 469
522 475
522 491
522 502
522 519
522 524
522 544
522 546
523 447
523 449
523 469
523 475
523 491
523 502
523 519
523 524
523 544
523 546
524 447
524 449
524 469
524 475
524 491
524 502
524 519
524 524
524 544
524 546
525 435
525 436
525 447
525 449
525 469
525 475
525 491
525 502
525 519
525 524
525 544
525 546
525 558
526 435
526 436
526 447
526 449
526 469
526 476
526 477
526 478
526 479
526 480
526 481
526 482
526 483
526 484
526 485
526 486
526 487
526 488
526 489
526 490
526 503
526 504
526 505
526 506
526 507
526 508
526 509
526 510
526 511
526 512
526 513
526 514
526 515
526 516
526 517
526 518
526 524
526 544
526 546
526 558
527 435
527 436
527 447
527 449
527 469
527 524
527 544
527 546
527 558
528 435
528 436
528 447
528 449
528 469
528 524
528 544
528 546
528 558
529 435
529 436
529 447
529 450
529 451
529 452
529 453
529 454
529 455
529 456
529 457
529 458
529 459
529 460
529 461
529 462
529 463
529 464
529 465
529 466
529 467
529 468
529 525
529 526
529 527
529 528
529 529
529 530
529 531
529 532
529 533
529 534
529 535
529 536
529 537
529 538
529 539
529 540
529 541
529 542
529 543
529 546
529 558
530 435
530 437
530 438
530 439
530 440
530 441
530 442
530 443
530 444
530 445
530 446
530 547
530 548
530 549
530 550
530 551
530 552
530 553
530 554
530 555
530 556
530 557
530 558
531 429
531 430
531 431
531 432
531 433
531 434
531 559
531 560
531 561
531 562
531 563
531 564
531 565
532 429
532 430
532 431
532 432
532 433
532 434
532 559
532 560
532 561
532 562
532 563
532 564
532 565
533 435
533 437
533 438
533 439
533 440
533 441
533 442
533 443
533 444
533 445
533 446
533 547
533 548
533 549
533 550
533 551
533 552
533 553
533 554
533 555
533 556
533 557
533 558
534 435
534 436
534 447
534 450
534 451
534 452
534 453
534 454
534 455
534 456
534 457
534 458
534 459
534 460
534 461
534 462
534 463
534 464
534 465
534 466
534 467
534 468
534 525
534 526
534 527
534 528
534 529
534 530
534 531
534 532
534 533
534 534
534 535
534 536
534 537
534 538
534 539
534 540
534 541
534 542
534 543
534 546
534 558
535 435
535 436
535 447
535 449
535 469
535 524
535 544
535 546
535 558
536 435
536 436
536 447
536 449
536 469
536 524
536 544
536 546
536 558
537 435
537 436
537 447
537 449
537 469
537 476
537 477
537 478
537 479
537 480
537 481
537 482
537 483
537 484
537 485
537 486
537 487
537 488
537 489
537 490
537 503
537 504
537 505
537 506
537 507
537 508
537 509
537 510
537 511
537 512
537 513
537 514
537 515
537 516
537 517
537 518
537 524
537 544
537 546
537 558
538 435
538 436
538 447
538 449
538 469
538 475
538 491
538 502
538 519
538 524
538 544
538 546
538 558
539 447
539 449
539 469
539 475
539 491
539 502
539 519
539 524
539 544
539 546
540 447
540 449
540 469
540 475
540 491
540 502
540 519
540 524
540 544
540 546
541 447
541 449
541 469
541 475
541 491
541 502
541 519
541 524
541 544
541 546
542 447
542 449
542 469
542 475
542 491
542 502
542 519
542 524
542 544
542 546
543 447
543 449
543 466
543 467
543 468
543 476
543 477
543 478
543 479
543 480
543 491
543 502
543 514
543 515
543 516
543 517
543 518
543 525
543 526
543 527
543 544
543 546
544 442
544 443
544 444
544 445
544 446
544 450
544 451
544 452
544 453
544 454
544 455
544 466
544 467
544 468
544 476
544 477
544 478
544 479
544 480
544 491
544 502
544 514
544 515
544 516
544 517
544 518
544 525
544 526
544 527
544 538
544 539
544 540
544 541
544 542
544 543
544 547
544 548
544 549
544 550
544 551
544 552
545 442
545 443
545 444
545 445
545 446
545 447
545 450
545 451
545 452
545 453
545 454
545 455
545 469
545 475
545 491
545 502
545 519
545 524
545 538
545 539
545 540
545 541
545 542
545 543
545 544
545 546
545 547
545 548
545 549
545 550
545 551
545 552
546 448
546 449
546 469
546 475
546 491
546 502
546 519
546 524
546 545
547 448
547 449
547 469
547 475
547 491
547 502
547 519
547 524
547 545
548 448
548 449
548 458
548 459
548 469
548 475
548 484
548 485
548 491
548 502
548 508
548 509
548 519
548 524
548 534
548 535
548 545
549 448
549 449
549 458
549 459
549 469
549 475
549 484
549 485
549 491
549 502
549 508
549 509
549 519
549 524
549 534
549 535
549 545
550 448
550 449
550 458
550 460
550 469
550 475
550 484
550 485
550 491
550 502
550 508
550 509
550 519
550 524
550 533
550 535
550 545
551 448
551 449
551 458
551 460
551 469
551 475
551 484
551 485
551 491
551 502
551 508
551 509
551 519
551 524
551 533
551 535
551 545
552 458
552 460
552 469
552 475
552 484
552 485
552 491
552 502
552 508
552 509
552 519
552 524
552 533
552 535
553 458
553 460
553 469
553 476
553 477
553 478
553 479
553 480
553 481
553 482
553 483
553 486
553 487
553 488
553 489
553 490
553 503
553 504
553 505
553 506
553 507
553 510
553 511
553 512
553 513
553 514
553 515
553 516
553 517
553 518
553 524
553 533
553 535
554 458
554 461
554 462
554 463
554 464
554 465
554 466
554 467
554 468
554 525
554 526
554 527
554 528
554 529
554 530
554 531
554 532
554 535
555 452
555 453
555 454
555 455
555 456
555 457
555 536
555 537
555 538
555 539
555 540
555 541
556 453
556 540
557 453
557 454
557 455
557 456
557 457
557 461
557 462
557 463
557 464
557 465
557 466
557 467
557 468
557 469
557 470
557 524
557 525
557 526
557 527
557 528
557 529
557 530
557 531
557 532
557 536
557 537
557 538
557 539
557 540
558 458
558 460
558 471
558 523
558 533
558 535
559 458
559 460
559 471
559 475
559 476
559 477
559 478
559 479
559 480
559 481
559 482
559 483
559 486
559 487
559 488
559 489
559 490
559 491
559 492
559 493
559 501
559 502
559 503
559 504
559 505
559 506
559 507
559 510
559 511
559 512
559 513
559 514
559 515
559 516
559 517
559 518
559 523
559 533
559 535
560 458
560 460
560 471
560 474
560 484
560 485
560 494
560 500
560 508
560 509
560 519
560 523
560 533
560 535
561 458
561 460
561 471
561 474
561 484
561 485
561 494
561 500
561 508
561 509
561 519
561 523
561 533
561 535
562 458
562 459
562 460
562 471
562 474
562 484
562 485
562 494
562 500
562 508
562 509
562 519
562 523
562 533
562 535
563 460
563 471
563 474
563 494
563 500
563 519
563 523
563 533
563 534
564 471
564 474
564 494
564 500
564 519
564 523
565 471
565 474
565 494
565 500
565 519
565 523
566 471
566 474
566 494
566 500
566 519
566 523
567 471
567 474
567 494
567 500
567 519
567 523
568 465
568 466
568 467
568 468
568 469
568 470
568 475
568 476
568 477
568 478
568 494
568 500
568 515
568 516
568 517
568 518
568 524
568 525
568 526
568 527
568 528
569 466
569 479
569 480
569 494
569 500
569 514
569 527
570 466
570 467
570 468
570 469
570 470
570 474
570 475
570 476
570 477
570 478
570 479
570 480
570 494
570 500
570 514
570 515
570 516
570 517
570 518
570 519
570 523
570 524
570 525
570 526
570 527
571 471
571 473
571 494
571 500
571 520
571 522
572 471
572 473
572 494
572 500
572 520
572 522
573 471
573 473
573 483
573 484
573 494
573 500
573 509
573 510
573 520
573 522
574 471
574 473
574 483
574 484
574 494
574 500
574 509
574 510
574 520
574 522
575 471
575 472
575 473
575 483
575 484
575 494
575 500
575 509
575 510
575 520
575 522
576 473
576 483
576 484
576 494
576 500
576 509
576 510
576 520
576 521
577 483
577 484
577 494
577 500
577 509
577 510
578 483
578 484
578 494
578 500
578 509
578 510
579 477
579 478
579 479
579 480
579 481
579 482
579 485
579 486
579 487
579 488
579 489
579 490
579 491
579 492
579 493
579 501
579 502
579 503
579 504
579 505
579 506
579 507
579 508
579 511
579 512
579 513
579 514
579 515
579 516
580 477
580 478
580 479
580 480
580 481
580 482
580 511
580 512
580 513
580 514
580 515
580 516
581 483
581 485
581 486
581 487
581 488
581 489
581 490
581 491
581 492
581 493
581 494
581 499
581 500
581 501
581 502
581 503
581 504
581 505
581 506
581 507
581 508
581 510
582 483
582 484
582 495
582 498
582 509
582 510
583 483
583 484
583 495
583 498
583 509
583 510
584 483
584 484
584 495
584 498
584 509
584 510
585 483
585 484
585 495
585 498
585 509
585 510
586 483
586 484
586 495
586 498
586 509
586 510
587 495
587 498
588 495
588 498
589 495
589 498
590 495
590 498
591 495
591 498
592 490
592 491
592 492
592 493
592 494
592 499
592 500
592 501
592 502
592 503
593 490
593 491
593 492
593 493
593 494
593 495
593 498
593 499
593 500
593 501
593 502
593 503
594 496
594 497
595 496
595 497
596 496
596 497
597 496
597 497
598 496
598 497
599 496
599 497
