0 19
0 20
0 21
0 22
0 23
0 24
0 25
0 26
0 27
0 28
0 29
0 30
0 31
0 32
0 33
0 34
0 35
0 36
0 37
0 38
0 39
0 40
0 41
0 42
0 43
0 44
0 45
0 46
0 47
0 48
0 49
0 50
0 51
0 52
0 53
0 54
0 55
0 56
0 57
0 58
0 59
0 60
0 61
0 62
0 63
0 64
0 65
0 66
0 67
0 68
0 69
0 70
0 71
0 72
0 73
0 74
0 75
0 76
0 77
0 78
0 79
0 80
0 81
0 82
0 83
0 84
0 85
0 86
0 87
0 88
0 89
0 90
0 91
0 92
0 93
0 94
0 95
0 96
0 97
0 98
0 99
0 100
0 101
0 102
0 103
1 20
1 102
2 21
2 101
3 22
3 100
4 23
4 99
5 24
5 98
6 25
6 97
7 26
7 96
8 27
8 95
9 28
9 94
10 29
10 93
11 30
11 92
12 31
12 91
13 32
13 90
14 33
14 89
15 34
15 88
16 35
16 87
17 36
17 86
18 37
18 85
19 0
19 38
19 84
19 122
20 0
20 1
20 39
20 83
20 121
20 122
21 0
21 2
21 40
21 82
21 120
21 122
22 0
22 3
22 41
22 81
22 119
22 122
23 0
23 4
23 42
23 80
23 118
23 122
24 0
24 5
24 43
24 79
24 117
24 122
25 0
25 6
25 44
25 78
25 116
25 122
26 0
26 7
26 45
26 77
26 115
26 122
27 0
27 8
27 46
27 76
27 114
27 122
28 0
28 9
28 47
28 75
28 113
28 122
29 0
29 10
29 48
29 74
29 112
29 122
30 0
30 11
30 49
30 73
30 111
30 122
31 0
31 12
31 50
31 72
31 110
31 122
32 0
32 13
32 51
32 71
32 109
32 122
33 0
33 14
33 52
33 70
33 108
33 122
34 0
34 15
34 53
34 69
34 107
34 122
35 0
35 16
35 54
35 68
35 106
35 122
36 0
36 17
36 55
36 67
36 105
36 122
37 0
37 18
37 56
37 66
37 104
37 122
38 0
38 19
38 57
38 65
38 103
38 122
39 0
39 20
39 57
39 65
39 102
39 122
40 0
40 21
40 57
40 65
40 101
40 122
41 0
41 22
41 57
41 65
41 100
41 122
42 0
42 23
42 57
42 65
42 99
42 122
43 0
43 24
43 57
43 65
43 98
43 122
44 0
44 25
44 57
44 65
44 97
44 122
45 0
45 26
45 57
45 65
45 96
45 122
46 0
46 27
46 57
46 65
46 95
46 122
47 0
47 28
47 57
47 65
47 94
47 122
48 0
48 29
48 57
48 65
48 93
48 122
49 0
49 30
49 57
49 65
49 92
49 122
50 0
50 31
50 57
50 65
50 91
50 122
51 0
51 32
51 57
51 65
51 90
51 122
52 0
52 33
52 57
52 65
52 89
52 122
53 0
53 34
53 57
53 65
53 88
53 122
54 0
54 35
54 57
54 65
54 87
54 122
55 0
55 36
55 57
55 65
55 86
55 122
56 0
56 37
56 57
56 65
56 85
56 122
57 0
57 38
57 39
57 40
57 41
57 42
57 43
57 44
57 45
57 46
57 47
57 48
57 49
57 50
57 51
57 52
57 53
57 54
57 55
57 56
57 66
57 67
57 68
57 69
57 70
57 71
57 72
57 73
57 74
57 75
57 76
57 77
57 78
57 79
57 80
57 81
57 82
57 83
57 84
57 122
58 0
58 122
59 0
59 122
60 0
60 122
61 0
61 122
62 0
62 122
63 0
63 122
64 0
64 122
65 0
65 38
65 39
65 40
65 41
65 42
65 43
65 44
65 45
65 46
65 47
65 48
65 49
65 50
65 51
65 52
65 53
65 54
65 55
65 56
65 66
65 67
65 68
65 69
65 70
65 71
65 72
65 73
65 74
65 75
65 76
65 77
65 78
65 79
65 80
65 81
65 82
65 83
65 84
65 122
66 0
66 37
66 57
66 65
66 85
66 122
67 0
67 36
67 57
67 65
67 86
67 122
68 0
68 35
68 57
68 65
68 87
68 122
69 0
69 34
69 57
69 65
69 88
69 122
70 0
70 33
70 57
70 65
70 89
70 122
71 0
71 32
71 57
71 65
71 90
71 122
72 0
72 31
72 57
72 65
72 91
72 122
73 0
73 30
73 57
73 65
73 92
73 122
74 0
74 29
74 57
74 65
74 93
74 122
75 0
75 28
75 57
75 65
75 94
75 122
76 0
76 27
76 57
76 65
76 95
76 122
77 0
77 26
77 57
77 65
77 96
77 122
78 0
78 25
78 57
78 65
78 97
78 122
79 0
79 24
79 57
79 65
79 98
79 122
80 0
80 23
80 57
80 65
80 99
80 122
81 0
81 22
81 57
81 65
81 100
81 122
82 0
82 21
82 57
82 65
82 101
82 122
83 0
83 20
83 57
83 65
83 102
83 122
84 0
84 19
84 57
84 65
84 103
84 122
85 0
85 18
85 56
85 66
85 104
85 122
86 0
86 17
86 55
86 67
86 105
86 122
87 0
87 16
87 54
87 68
87 106
87 122
88 0
88 15
88 53
88 69
88 107
88 122
89 0
89 14
89 52
89 70
89 108
89 122
90 0
90 13
90 51
90 71
90 109
90 122
91 0
91 12
91 50
91 72
91 110
91 122
92 0
92 11
92 49
92 73
92 111
92 122
93 0
93 10
93 48
93 74
93 112
93 122
94 0
94 9
94 47
94 75
94 113
94 122
95 0
95 8
95 46
95 76
95 114
95 122
96 0
96 7
96 45
96 77
96 115
96 122
97 0
97 6
97 44
97 78
97 116
97 122
98 0
98 5
98 43
98 79
98 117
98 122
99 0
99 4
99 42
99 80
99 118
99 122
100 0
100 3
100 41
100 81
100 119
100 122
101 0
101 2
101 40
101 82
101 120
101 122
102 0
102 1
102 39
102 83
102 121
102 122
103 0
103 38
103 84
103 122
104 37
104 85
105 36
105 86
106 35
106 87
107 34
107 88
108 33
108 89
109 32
109 90
110 31
110 91
111 30
111 92
112 29
112 93
113 28
113 94
114 27
114 95
115 26
115 96
116 25
116 97
117 24
117 98
118 23
118 99
119 22
119 100
120 21
120 101
121 20
121 102
122 19
122 20
122 21
122 22
122 23
122 24
122 25
122 26
122 27
122 28
122 29
122 30
122 31
122 32
122 33
122 34
122 35
122 36
122 37
122 38
122 39
122 40
122 41
122 42
122 43
122 44
122 45
122 46
122 47
122 48
122 49
122 50
122 51
122 52
122 53
122 54
122 55
122 56
122 57
122 58
122 59
122 60
122 61
122 62
122 63
122 64
122 65
122 66
122 67
122 68
122 69
122 70
122 71
122 72
122 73
122 74
122 75
122 76
122 77
122 78
122 79
122 80
122 81
122 82
122 83
122 84
122 85
122 86
122 87
122 88
122 89
122 90
122 91
122 92
122 93
122 94
122 95
122 96
122 97
122 98
122 99
122 100
122 101
122 102
122 103
