21 77
21 78
22 75
22 76
22 79
22 80
23 74
23 81
24 72
24 73
24 82
25 71
25 83
25 84
26 70
26 85
27 68
27 69
27 86
27 87
28 67
28 88
29 66
29 89
30 64
30 65
30 90
30 91
31 63
31 92
32 61
32 62
32 93
33 60
33 94
33 95
34 59
34 96
35 57
35 58
35 97
35 98
36 56
36 99
37 55
37 100
38 53
38 54
38 101
38 102
39 52
39 103
40 50
40 51
40 104
40 105
41 49
41 106
42 48
42 107
43 46
43 47
43 108
43 109
44 45
44 110
45 44
45 111
46 42
46 43
46 112
46 113
47 41
47 114
48 39
48 40
48 115
48 116
49 38
49 117
50 37
50 118
51 35
51 36
51 119
51 120
52 34
52 121
53 33
53 122
54 31
54 32
54 123
54 124
55 30
55 125
56 28
56 29
56 126
56 127
57 27
57 128
58 26
58 129
59 24
59 25
59 130
59 131
60 23
60 132
61 24
61 131
62 24
62 131
63 24
63 131
64 25
64 130
65 25
65 130
66 25
66 130
67 26
67 129
68 26
68 129
69 26
69 129
70 27
70 128
71 27
71 128
72 27
72 128
73 28
73 127
74 28
74 127
75 28
75 127
76 29
76 126
77 29
77 126
78 29
78 126
79 30
79 125
80 30
80 125
81 30
81 125
82 31
82 124
83 31
83 124
84 31
84 124
85 32
85 123
86 32
86 123
87 32
87 123
88 33
88 122
89 33
89 122
90 33
90 122
91 33
91 121
92 34
92 121
93 34
93 121
94 34
94 120
95 35
95 120
96 35
96 120
97 35
97 120
98 36
98 119
99 36
99 119
100 36
100 119
101 37
101 118
102 37
102 118
103 37
103 118
104 38
104 117
105 38
105 117
106 38
106 117
107 39
107 116
108 39
108 116
109 39
109 116
110 40
110 115
111 40
111 115
112 40
112 115
113 41
113 114
114 41
114 114
115 41
115 114
116 42
116 113
117 42
117 113
118 42
118 113
119 43
119 112
120 43
120 112
121 43
121 112
122 44
122 111
123 44
123 45
123 46
123 47
123 48
123 49
123 50
123 51
123 52
123 53
123 54
123 55
123 56
123 57
123 58
123 59
123 60
123 61
123 62
123 63
123 64
123 65
123 66
123 67
123 68
123 69
123 70
123 71
123 72
123 73
123 74
123 75
123 76
123 77
123 78
123 79
123 80
123 81
123 82
123 83
123 84
123 85
123 86
123 87
123 88
123 89
123 90
123 91
123 92
123 93
123 94
123 95
123 96
123 97
123 98
123 99
123 100
123 101
123 102
123 103
123 104
123 105
123 106
123 107
123 108
123 109
123 110
123 111
