0 0
0 1
0 2
0 3
0 4
0 5
0 6
0 7
0 8
0 9
0 10
0 11
0 12
0 13
0 14
0 15
0 16
0 17
0 18
0 19
0 20
0 21
0 22
0 23
0 24
0 25
0 26
0 27
0 28
0 29
0 30
0 31
0 32
0 33
0 34
0 35
0 36
0 37
0 38
0 39
0 40
0 41
0 42
0 43
0 44
0 45
0 46
0 47
0 48
0 49
0 50
0 51
0 52
0 53
0 54
0 55
0 56
0 57
0 58
0 59
0 60
0 61
0 62
0 63
0 64
0 65
0 66
0 67
0 68
0 69
0 70
0 71
0 72
0 73
0 74
0 75
0 76
0 77
0 78
0 79
0 80
0 81
0 82
0 83
0 84
0 85
0 86
0 87
0 88
0 89
0 90
0 91
0 92
0 93
0 94
0 95
0 96
0 97
0 98
0 99
0 100
0 101
0 102
0 103
0 104
0 105
0 106
0 107
0 108
0 109
0 110
0 111
0 112
0 113
0 114
0 115
0 116
0 117
0 118
0 119
0 120
0 121
0 122
0 123
0 124
0 125
0 126
0 127
0 128
0 129
0 130
0 131
0 132
0 133
0 134
0 135
0 136
0 137
0 138
0 139
0 140
0 141
0 142
1 0
1 138
1 139
2 0
2 135
2 136
2 137
3 0
3 133
3 134
4 0
4 130
4 131
4 132
5 0
5 128
5 129
6 0
6 125
6 126
6 127
7 0
7 123
7 124
8 0
8 120
8 121
8 122
9 0
9 118
9 119
10 0
10 115
10 116
10 117
11 0
11 113
11 114
12 0
12 110
12 111
12 112
13 0
13 108
13 109
14 0
14 105
14 106
14 107
15 0
15 103
15 104
16 0
16 100
16 101
16 102
17 0
17 98
17 99
18 0
18 95
18 96
18 97
19 0
19 93
19 94
20 0
20 90
20 91
20 92
21 0
21 88
21 89
22 0
22 85
22 86
22 87
23 0
23 83
23 84
24 0
24 80
24 81
24 82
25 0
25 78
25 79
26 0
26 75
26 76
26 77
27 0
27 73
27 74
28 0
28 70
28 71
28 72
29 0
29 68
29 69
30 0
30 65
30 66
30 67
31 0
31 63
31 64
32 0
32 60
32 61
32 62
33 0
33 58
33 59
34 0
34 55
34 56
34 57
35 0
35 53
35 54
36 0
36 50
36 51
36 52
37 0
37 48
37 49
38 0
38 45
38 46
38 47
39 0
39 43
39 44
40 0
40 40
40 41
40 42
41 0
41 38
41 39
42 0
42 35
42 36
42 37
43 0
43 33
43 34
44 0
44 30
44 31
44 32
45 0
45 28
45 29
46 0
46 25
46 26
46 27
47 0
47 24
48 0
48 25
49 0
49 26
49 27
50 0
50 28
50 29
50 30
51 0
51 31
51 32
52 0
52 33
52 34
52 35
53 0
53 36
53 37
54 0
54 38
54 39
54 40
55 0
55 41
55 42
56 0
56 43
56 44
56 45
57 0
57 46
57 47
58 0
58 48
58 49
58 50
59 0
59 51
59 52
60 0
60 53
60 54
60 55
61 0
61 56
61 57
62 0
62 58
62 59
62 60
63 0
63 61
63 62
64 0
64 63
64 64
64 65
65 0
65 66
65 67
66 0
66 68
66 69
66 70
67 0
67 71
67 72
68 0
68 73
68 74
68 75
69 0
69 76
69 77
70 0
70 78
70 79
70 80
71 0
71 81
71 82
72 0
72 83
72 84
72 85
73 0
73 86
73 87
74 0
74 88
74 89
74 90
75 0
75 91
75 92
76 0
76 93
76 94
76 95
77 0
77 96
77 97
78 0
78 98
78 99
78 100
79 0
79 101
79 102
80 0
80 103
80 104
80 105
81 0
81 106
81 107
82 0
82 108
82 109
82 110
83 0
83 111
83 112
84 0
84 113
84 114
84 115
85 0
85 116
85 117
86 0
86 118
86 119
86 120
87 0
87 121
87 122
88 0
88 123
88 124
88 125
89 0
89 126
89 127
90 0
90 128
90 129
90 130
91 0
91 131
91 132
92 0
92 133
92 134
92 135
93 0
93 136
93 137
94 0
94 1
94 2
94 3
94 4
94 5
94 6
94 7
94 8
94 9
94 10
94 11
94 12
94 13
94 14
94 15
94 16
94 17
94 18
94 19
94 20
94 21
94 22
94 23
94 24
94 25
94 26
94 27
94 28
94 29
94 30
94 31
94 32
94 33
94 34
94 35
94 36
94 37
94 38
94 39
94 40
94 41
94 42
94 43
94 44
94 45
94 46
94 47
94 48
94 49
94 50
94 51
94 52
94 53
94 54
94 55
94 56
94 57
94 58
94 59
94 60
94 61
94 62
94 63
94 64
94 65
94 66
94 67
94 68
94 69
94 70
94 71
94 72
94 73
94 74
94 75
94 76
94 77
94 78
94 79
94 80
94 81
94 82
94 83
94 84
94 85
94 86
94 87
94 88
94 89
94 90
94 91
94 92
94 93
94 94
94 95
94 96
94 97
94 98
94 99
94 100
94 101
94 102
94 103
94 104
94 105
94 106
94 107
94 108
94 109
94 110
94 111
94 112
94 113
94 114
94 115
94 116
94 117
94 118
94 119
94 120
94 121
94 122
94 123
94 124
94 125
94 126
94 127
94 128
94 129
94 130
94 131
94 132
94 133
94 134
94 135
94 136
94 137
94 138
94 139
94 140
