1 41
1 42
1 43
1 44
1 45
1 46
1 47
1 48
1 49
1 50
1 51
1 52
1 53
1 54
1 55
1 56
1 57
1 58
1 59
2 37
2 38
2 39
2 40
2 60
2 61
2 62
2 63
3 33
3 34
3 35
3 36
3 64
3 65
3 66
3 67
4 31
4 32
4 68
4 69
5 29
5 30
5 70
5 71
6 27
6 28
6 72
6 73
7 25
7 26
7 74
7 75
8 23
8 24
8 76
8 77
9 22
9 78
10 21
10 79
11 19
11 20
11 80
11 81
12 18
12 82
13 17
13 83
14 16
14 84
15 15
15 85
16 14
16 86
17 13
17 87
18 12
18 88
19 11
19 89
20 11
20 89
21 10
21 90
22 9
22 91
23 8
23 92
24 8
24 92
25 7
25 93
26 7
26 93
27 6
27 94
28 6
28 94
29 5
29 95
30 5
30 95
31 4
31 96
32 4
32 96
33 3
33 97
34 3
34 97
35 3
35 97
36 3
36 97
37 2
37 98
38 2
38 98
39 2
39 98
40 2
40 98
41 1
41 99
42 1
42 99
43 1
43 99
44 1
44 99
45 1
45 99
46 1
46 99
47 1
47 99
48 1
48 99
49 1
49 99
50 1
50 99
51 1
51 99
52 1
52 99
53 1
53 99
54 1
54 99
55 1
55 99
56 1
56 99
57 1
57 99
58 1
58 99
59 1
59 99
60 2
60 98
61 2
61 98
62 2
62 98
63 2
63 98
64 3
64 97
65 3
65 97
66 3
66 97
67 3
67 97
68 4
68 96
69 4
69 96
70 5
70 95
71 5
71 95
72 6
72 94
73 6
73 94
74 7
74 93
75 7
75 93
76 8
76 92
77 8
77 92
78 9
78 91
79 10
79 90
80 11
80 89
81 11
81 89
82 12
82 88
83 13
83 87
84 14
84 86
85 15
85 85
86 16
86 84
87 17
87 83
88 18
88 82
89 19
89 20
89 80
89 81
90 21
90 79
91 22
91 78
92 23
92 24
92 76
92 77
93 25
93 26
93 74
93 75
94 27
94 28
94 72
94 73
95 29
95 30
95 70
95 71
96 31
96 32
96 68
96 69
97 33
97 34
97 35
97 36
97 64
97 65
97 66
97 67
98 37
98 38
98 39
98 40
98 60
98 61
98 62
98 63
99 41
99 42
99 43
99 44
99 45
99 46
99 47
99 48
99 49
99 50
99 51
99 52
99 53
99 54
99 55
99 56
99 57
99 58
99 59
