1 36
2 36
3 36
3 37
4 35
4 37
5 35
5 37
6 35
6 38
7 34
7 38
8 34
8 38
9 34
9 39
10 33
10 39
11 33
11 39
12 33
12 40
13 32
13 40
14 32
14 40
15 32
15 41
16 31
16 41
17 31
17 41
18 31
18 42
19 30
19 42
20 30
20 42
21 30
21 43
22 29
22 43
23 29
23 43
24 29
24 44
25 28
25 44
26 28
26 44
27 28
27 45
28 27
28 45
29 27
29 45
30 27
30 46
31 26
31 46
32 26
32 46
33 26
33 47
34 25
34 47
35 25
35 47
36 25
36 48
37 24
37 48
38 24
38 48
39 24
39 49
40 23
40 49
41 23
41 49
42 23
42 50
43 22
43 50
44 22
44 50
45 22
45 51
46 21
46 51
47 21
47 51
48 21
48 52
49 20
49 52
50 20
50 52
51 20
51 53
52 19
52 53
53 19
53 53
54 19
54 54
55 18
55 54
56 18
56 54
57 18
57 55
58 17
58 55
59 17
59 55
60 17
60 56
61 16
61 56
62 16
62 56
63 16
63 57
64 15
64 57
65 15
65 57
66 15
66 58
67 14
67 58
68 14
68 58
69 14
69 59
70 13
70 59
71 13
71 59
72 13
72 60
73 12
73 60
74 12
74 60
75 12
75 61
76 11
76 61
77 11
77 61
78 11
78 62
79 10
79 62
80 10
80 62
81 10
81 63
82 9
82 63
83 9
83 63
84 9
84 64
85 8
85 64
86 8
86 64
87 8
87 65
88 7
88 65
89 7
89 65
90 7
90 66
91 6
91 66
92 6
92 66
93 6
93 67
94 5
94 67
95 5
95 67
96 5
96 68
97 4
97 68
98 4
98 68
99 4
99 69
100 3
100 69
101 3
101 69
102 3
102 70
103 2
103 70
104 2
104 70
105 2
105 71
106 1
106 71
107 1
107 71
108 1
108 72
109 1
109 72
110 1
110 71
111 1
111 71
112 2
112 71
113 2
113 70
114 2
114 70
115 3
115 70
116 3
116 69
117 3
117 69
118 4
118 69
119 4
119 68
120 4
120 68
121 5
121 68
122 5
122 67
123 5
123 67
124 6
124 67
125 6
125 66
126 6
126 66
127 7
127 66
128 7
128 65
129 7
129 65
130 8
130 65
131 8
131 64
132 8
132 64
133 9
133 64
134 9
134 63
135 9
135 63
136 10
136 63
137 10
137 62
138 10
138 62
139 11
139 62
140 11
140 61
141 11
141 61
142 12
142 61
143 12
143 60
144 12
144 60
145 13
145 60
146 13
146 59
147 13
147 59
148 14
148 59
149 14
149 58
150 14
150 58
151 15
151 58
152 15
152 57
153 15
153 57
154 16
154 57
155 16
155 56
156 16
156 56
157 17
157 56
158 17
158 55
159 17
159 55
160 18
160 55
161 18
161 54
162 18
162 54
163 19
163 54
164 19
164 53
165 19
165 53
166 20
166 53
167 20
167 52
168 20
168 52
169 21
169 52
170 21
170 51
171 21
171 51
172 22
172 51
173 22
173 50
174 22
174 50
175 23
175 50
176 23
176 49
177 23
177 49
178 24
178 49
179 24
179 48
180 24
180 48
181 25
181 48
182 25
182 47
183 25
183 47
184 26
184 47
185 26
185 46
186 26
186 46
187 27
187 46
188 27
188 45
189 27
189 45
190 28
190 45
191 28
191 44
192 28
192 44
193 29
193 44
194 29
194 43
195 29
195 43
196 30
196 43
197 30
197 42
198 30
198 42
199 31
199 42
200 31
200 41
201 31
201 41
202 32
202 41
203 32
203 40
204 32
204 40
205 33
205 40
206 33
206 39
207 33
207 39
208 34
208 39
209 34
209 38
210 34
210 38
211 35
211 38
212 35
212 37
213 35
213 37
214 36
214 37
215 36
216 36
