0 0
0 1
0 2
0 3
0 4
0 5
0 6
0 7
0 8
0 9
0 10
0 11
0 12
0 13
0 14
0 15
0 16
0 17
0 18
0 19
0 20
0 21
0 22
0 23
0 24
0 25
0 26
0 27
0 28
0 29
0 30
0 31
0 32
0 33
0 34
0 35
0 36
0 37
0 38
0 39
0 40
0 41
0 42
0 43
0 44
0 45
0 46
0 47
0 48
0 49
0 50
0 51
1 0
1 51
2 0
2 51
3 0
3 51
4 0
4 51
5 0
5 51
6 0
6 51
7 0
7 51
8 0
8 51
9 0
9 51
10 0
10 51
11 0
11 51
12 0
12 51
13 0
13 51
14 0
14 51
15 0
15 51
16 0
16 51
17 0
17 51
18 0
18 51
19 0
19 51
20 0
20 51
21 0
21 51
22 0
22 51
23 0
23 51
24 0
24 51
25 0
25 51
26 0
26 51
27 0
27 51
28 0
28 51
29 0
29 51
30 0
30 51
31 0
31 51
32 0
32 51
33 0
33 51
34 0
34 51
35 0
35 51
36 0
36 51
37 0
37 51
38 0
38 51
39 0
39 51
40 0
40 51
41 0
41 51
42 0
42 51
43 0
43 51
44 0
44 51
45 0
45 51
46 0
46 51
47 0
47 51
48 0
48 51
49 0
49 51
50 0
50 51
51 0
51 51
52 0
52 51
53 0
53 51
54 0
54 51
55 0
55 51
56 0
56 51
57 0
57 51
58 0
58 51
59 0
59 51
60 0
60 51
61 0
61 51
62 0
62 51
63 0
63 51
64 0
64 51
65 0
65 51
66 0
66 51
67 0
67 51
68 0
68 51
69 0
69 51
70 0
70 51
71 0
71 51
72 0
72 51
73 0
73 51
74 0
74 51
75 0
75 51
76 0
76 51
77 0
77 51
78 0
78 51
79 0
79 51
80 0
80 51
81 0
81 51
82 0
82 51
83 0
83 51
84 0
84 51
85 0
85 51
86 0
86 51
87 0
87 51
88 0
88 51
89 0
89 51
90 0
90 51
91 0
91 51
92 0
92 51
93 0
93 51
94 0
94 51
95 0
95 51
96 0
96 51
97 0
97 51
98 0
98 51
99 0
99 51
100 0
100 51
101 0
101 51
102 0
102 51
103 0
103 51
104 0
104 51
105 0
105 51
106 0
106 51
107 0
107 51
108 0
108 51
109 0
109 51
110 0
110 51
111 0
111 51
112 0
112 51
113 0
113 51
114 0
114 51
115 0
115 51
116 0
116 51
117 0
117 51
118 0
118 51
119 0
119 51
120 0
120 51
121 0
121 51
122 0
122 51
123 0
123 51
124 0
124 51
125 0
125 51
126 0
126 51
127 0
127 51
128 0
128 51
129 0
129 51
130 0
130 51
131 0
131 51
132 0
132 51
133 0
133 51
134 0
134 51
135 0
135 51
136 0
136 51
137 0
137 51
138 0
138 51
139 0
139 51
140 0
140 51
141 0
141 51
142 0
142 51
143 0
143 51
144 0
144 51
145 0
145 51
146 0
146 51
147 0
147 51
148 0
148 51
149 0
149 51
150 0
150 51
151 0
151 51
152 0
152 51
153 0
153 1
153 2
153 3
153 4
153 5
153 6
153 7
153 8
153 9
153 10
153 11
153 12
153 13
153 14
153 15
153 16
153 17
153 18
153 19
153 20
153 21
153 22
153 23
153 24
153 25
153 26
153 27
153 28
153 29
153 30
153 31
153 32
153 33
153 34
153 35
153 36
153 37
153 38
153 39
153 40
153 41
153 42
153 43
153 44
153 45
153 46
153 47
153 48
153 49
153 50
153 51
