21 68
21 69
21 70
21 71
21 72
21 73
21 74
22 64
22 65
22 66
22 67
22 75
22 76
22 77
22 78
23 60
23 61
23 62
23 63
23 79
23 80
23 81
23 82
24 57
24 58
24 59
24 83
24 84
24 85
24 86
25 53
25 54
25 55
25 56
25 87
25 88
25 89
26 49
26 50
26 51
26 52
26 90
26 91
26 92
26 93
27 46
27 47
27 48
27 94
27 95
27 96
28 45
28 97
29 44
29 98
30 43
30 99
31 42
31 100
32 41
32 101
33 40
33 102
34 39
34 103
35 38
35 104
36 37
36 105
37 36
37 106
38 35
38 107
39 34
39 108
40 33
40 109
41 32
41 110
42 31
42 111
43 30
43 112
44 29
44 113
45 28
45 114
46 27
46 115
47 27
47 115
48 27
48 116
49 26
49 116
50 26
50 116
51 26
51 116
52 26
52 117
53 25
53 117
54 25
54 117
55 25
55 118
56 25
56 118
57 24
57 118
58 24
58 118
59 24
59 119
60 23
60 119
61 23
61 119
62 23
62 119
63 23
63 120
64 22
64 120
65 22
65 120
66 22
66 120
67 22
67 121
68 21
68 121
69 21
69 121
70 21
70 122
71 21
71 122
72 21
72 122
73 21
73 121
74 21
74 121
75 22
75 121
76 22
76 121
77 22
77 120
78 22
78 120
79 23
79 120
80 23
80 119
81 23
81 119
82 23
82 119
83 24
83 119
84 24
84 118
85 24
85 118
86 24
86 118
87 25
87 118
88 25
88 117
89 25
89 117
90 26
90 117
91 26
91 117
92 26
92 116
93 26
93 116
94 27
94 116
95 27
95 115
96 27
96 115
97 28
97 115
98 29
98 114
99 30
99 113
100 31
100 112
101 32
101 111
102 33
102 110
103 34
103 109
104 35
104 108
105 36
105 107
106 37
106 106
107 38
107 105
108 39
108 104
109 40
109 103
110 41
110 102
111 42
111 101
112 43
112 100
113 44
113 99
114 45
114 98
115 46
115 47
115 95
115 96
115 97
116 48
116 49
116 50
116 51
116 92
116 93
116 94
117 52
117 53
117 54
117 88
117 89
117 90
117 91
118 55
118 56
118 57
118 58
118 84
118 85
118 86
118 87
119 59
119 60
119 61
119 62
119 80
119 81
119 82
119 83
120 63
120 64
120 65
120 66
120 77
120 78
120 79
121 67
121 68
121 69
121 73
121 74
121 75
121 76
122 70
122 71
122 72
