0 0
0 1
0 2
0 3
0 4
0 5
0 6
0 7
0 8
0 9
0 10
0 11
0 12
0 13
0 14
0 15
0 16
0 17
0 18
0 19
0 20
0 21
0 22
0 23
0 24
0 25
0 26
0 27
0 28
0 29
0 30
0 31
0 32
0 33
0 34
0 35
0 36
0 37
1 0
1 37
2 0
2 37
3 0
3 18
3 19
3 37
4 0
4 17
4 20
4 37
5 0
5 17
5 20
5 37
6 0
6 17
6 20
6 37
7 0
7 17
7 20
7 37
8 0
8 17
8 20
8 37
9 0
9 17
9 20
9 37
10 0
10 17
10 20
10 37
11 0
11 17
11 20
11 37
12 0
12 17
12 20
12 37
13 0
13 17
13 20
13 37
14 0
14 17
14 20
14 37
15 0
15 17
15 20
15 37
16 0
16 17
16 20
16 37
17 0
17 17
17 20
17 37
18 0
18 17
18 20
18 37
19 0
19 17
19 20
19 37
20 0
20 17
20 20
20 37
21 0
21 17
21 20
21 37
22 0
22 17
22 20
22 37
23 0
23 17
23 20
23 37
24 0
24 17
24 20
24 37
25 0
25 17
25 20
25 37
26 0
26 17
26 20
26 37
27 0
27 17
27 20
27 37
28 0
28 17
28 20
28 37
29 0
29 17
29 20
29 37
30 0
30 17
30 20
30 37
31 0
31 17
31 20
31 37
32 0
32 17
32 20
32 37
33 0
33 17
33 20
33 37
34 0
34 17
34 20
34 37
35 0
35 17
35 20
35 37
36 0
36 17
36 20
36 37
37 0
37 17
37 20
37 37
38 0
38 17
38 20
38 37
39 0
39 17
39 20
39 37
40 0
40 17
40 20
40 37
41 0
41 17
41 20
41 37
42 0
42 17
42 20
42 37
43 0
43 17
43 20
43 37
44 0
44 17
44 20
44 37
45 0
45 17
45 20
45 37
46 0
46 17
46 20
46 37
47 0
47 17
47 20
47 37
48 0
48 17
48 20
48 37
49 0
49 17
49 20
49 37
50 0
50 17
50 20
50 37
51 0
51 17
51 20
51 37
52 0
52 17
52 20
52 37
53 0
53 17
53 20
53 37
54 0
54 17
54 20
54 37
55 0
55 17
55 20
55 37
56 0
56 17
56 20
56 37
57 0
57 17
57 20
57 37
58 0
58 17
58 20
58 37
59 0
59 17
59 20
59 37
60 0
60 17
60 20
60 37
61 0
61 17
61 20
61 37
62 0
62 17
62 20
62 37
63 0
63 17
63 20
63 37
64 0
64 17
64 20
64 37
65 0
65 17
65 20
65 37
66 0
66 17
66 20
66 37
67 0
67 17
67 20
67 37
68 0
68 17
68 20
68 37
69 0
69 17
69 20
69 37
70 0
70 17
70 20
70 37
71 0
71 17
71 20
71 37
72 0
72 17
72 20
72 37
73 0
73 17
73 20
73 37
74 0
74 17
74 20
74 37
75 0
75 17
75 20
75 37
76 0
76 17
76 20
76 37
77 0
77 17
77 20
77 37
78 0
78 17
78 20
78 37
79 0
79 17
79 20
79 37
80 0
80 17
80 20
80 37
81 0
81 17
81 20
81 37
82 0
82 17
82 20
82 37
83 0
83 17
83 20
83 37
84 0
84 17
84 20
84 37
85 0
85 17
85 20
85 37
86 0
86 17
86 20
86 37
87 0
87 17
87 20
87 37
88 0
88 17
88 20
88 37
89 0
89 17
89 20
89 37
90 0
90 17
90 20
90 37
91 0
91 17
91 20
91 37
92 0
92 17
92 20
92 37
93 0
93 17
93 20
93 37
94 0
94 17
94 20
94 37
95 0
95 17
95 20
95 37
96 0
96 17
96 20
96 37
97 0
97 17
97 20
97 37
98 0
98 17
98 20
98 37
99 0
99 17
99 20
99 37
100 0
100 17
100 20
100 37
101 0
101 17
101 20
101 37
102 0
102 17
102 20
102 37
103 0
103 17
103 20
103 37
104 0
104 17
104 20
104 37
105 0
105 17
105 20
105 37
106 0
106 17
106 20
106 37
107 0
107 17
107 20
107 37
108 0
108 17
108 20
108 37
109 0
109 17
109 20
109 37
110 0
110 17
110 20
110 37
111 0
111 17
111 20
111 37
112 0
112 17
112 20
112 37
113 0
113 17
113 20
113 37
114 0
114 17
114 20
114 37
115 0
115 17
115 20
115 37
116 0
116 17
116 20
116 37
117 0
117 17
117 20
117 37
118 0
118 17
118 20
118 37
119 0
119 17
119 20
119 37
120 0
120 17
120 20
120 37
121 0
121 17
121 20
121 37
122 0
122 17
122 20
122 37
123 0
123 17
123 20
123 37
124 0
124 17
124 20
124 37
125 0
125 17
125 20
125 37
126 0
126 17
126 20
126 37
127 0
127 17
127 20
127 37
128 0
128 17
128 20
128 37
129 0
129 17
129 20
129 37
130 0
130 17
130 20
130 37
131 0
131 17
131 20
131 37
132 0
132 17
132 20
132 37
133 0
133 17
133 20
133 37
134 0
134 17
134 20
134 37
135 0
135 17
135 20
135 37
136 0
136 17
136 20
136 37
137 0
137 17
137 20
137 37
138 0
138 17
138 20
138 37
139 0
139 17
139 20
139 37
140 0
140 17
140 20
140 37
141 0
141 17
141 20
141 37
142 0
142 17
142 20
142 37
143 0
143 17
143 20
143 37
144 0
144 17
144 20
144 37
145 0
145 17
145 20
145 37
146 0
146 17
146 20
146 37
147 0
147 17
147 20
147 37
148 0
148 17
148 20
148 37
149 0
149 17
149 20
149 37
150 0
150 17
150 20
150 37
151 0
151 17
151 20
151 37
152 0
152 17
152 20
152 37
153 0
153 17
153 20
153 37
154 0
154 17
154 20
154 37
155 0
155 17
155 20
155 37
156 0
156 17
156 20
156 37
157 0
157 17
157 20
157 37
158 0
158 17
158 20
158 37
159 0
159 17
159 20
159 37
160 0
160 17
160 20
160 37
161 0
161 17
161 20
161 37
162 0
162 17
162 20
162 37
163 0
163 17
163 20
163 37
164 0
164 17
164 20
164 37
165 0
165 17
165 20
165 37
166 0
166 17
166 20
166 37
167 0
167 17
167 20
167 37
168 0
168 17
168 20
168 37
169 0
169 17
169 20
169 37
170 0
170 17
170 20
170 37
171 0
171 17
171 20
171 37
172 0
172 17
172 20
172 37
173 0
173 17
173 20
173 37
174 0
174 17
174 20
174 37
175 0
175 17
175 20
175 37
176 0
176 17
176 20
176 37
177 0
177 17
177 20
177 37
178 0
178 17
178 20
178 37
179 0
179 17
179 20
179 37
180 0
180 17
180 20
180 37
181 0
181 17
181 20
181 37
182 0
182 17
182 20
182 37
183 0
183 17
183 20
183 37
184 0
184 17
184 20
184 37
185 0
185 17
185 20
185 37
186 0
186 17
186 20
186 37
187 0
187 17
187 20
187 37
188 0
188 17
188 20
188 37
189 0
189 17
189 20
189 37
190 0
190 17
190 20
190 37
191 0
191 17
191 20
191 37
192 0
192 17
192 20
192 37
193 0
193 17
193 20
193 37
194 0
194 17
194 20
194 37
195 0
195 17
195 20
195 37
196 0
196 17
196 20
196 37
197 0
197 17
197 20
197 37
198 0
198 17
198 20
198 37
199 0
199 17
199 20
199 37
200 0
200 17
200 20
200 37
201 0
201 17
201 20
201 37
202 0
202 17
202 20
202 37
203 0
203 17
203 20
203 37
204 0
204 17
204 20
204 37
205 0
205 17
205 20
205 37
206 0
206 17
206 20
206 37
207 0
207 17
207 20
207 37
208 0
208 17
208 20
208 37
209 0
209 17
209 20
209 37
210 0
210 17
210 20
210 37
211 0
211 17
211 20
211 37
212 0
212 17
212 20
212 37
213 0
213 17
213 20
213 37
214 0
214 17
214 20
214 37
215 0
215 17
215 20
215 37
216 0
216 17
216 20
216 37
217 0
217 17
217 20
217 37
218 0
218 17
218 20
218 37
219 0
219 17
219 20
219 37
220 0
220 17
220 20
220 37
221 0
221 17
221 20
221 37
222 0
222 1
222 2
222 3
222 4
222 5
222 6
222 7
222 8
222 9
222 10
222 11
222 12
222 13
222 14
222 15
222 16
222 17
222 20
222 21
222 22
222 23
222 24
222 25
222 26
222 27
222 28
222 29
222 30
222 31
222 32
222 33
222 34
222 35
222 36
222 37
