-8 -17 -26
-8 -17 -25
-8 -17 -24
-8 -17 -23
-8 -17 -22
-8 -17 -21
-8 -17 -20
-8 -17 -19
-8 -17 -18
-8 -17 -17
-8 -17 -16
-8 -17 -15
-8 -17 -14
-8 -17 -13
-8 -17 -12
-8 -17 -11
-8 -17 -10
-8 -17 -9
-8 -17 -8
-8 -17 -7
-8 -17 -6
-8 -17 -5
-8 -17 -4
-8 -17 -3
-8 -17 -2
-8 -17 -1
-8 -17 0
-8 -17 1
-8 -17 2
-8 -17 3
-8 -17 4
-8 -17 5
-8 -17 6
-8 -17 7
-8 -17 8
-8 -17 9
-8 -17 10
-8 -17 11
-8 -17 12
-8 -17 13
-8 -17 14
-8 -17 15
-8 -17 16
-8 -17 17
-8 -17 18
-8 -17 19
-8 -17 20
-8 -17 21
-8 -17 22
-8 -17 23
-8 -17 24
-8 -17 25
-8 -17 26
-8 -16 -26
-8 -16 -25
-8 -16 -24
-8 -16 -23
-8 -16 -22
-8 -16 -21
-8 -16 -20
-8 -16 -19
-8 -16 -18
-8 -16 -17
-8 -16 -16
-8 -16 -15
-8 -16 -14
-8 -16 -13
-8 -16 -12
-8 -16 -11
-8 -16 -10
-8 -16 -9
-8 -16 -8
-8 -16 -7
-8 -16 -6
-8 -16 -5
-8 -16 -4
-8 -16 -3
-8 -16 -2
-8 -16 -1
-8 -16 0
-8 -16 1
-8 -16 2
-8 -16 3
-8 -16 4
-8 -16 5
-8 -16 6
-8 -16 7
-8 -16 8
-8 -16 9
-8 -16 10
-8 -16 11
-8 -16 12
-8 -16 13
-8 -16 14
-8 -16 15
-8 -16 16
-8 -16 17
-8 -16 18
-8 -16 19
-8 -16 20
-8 -16 21
-8 -16 22
-8 -16 23
-8 -16 24
-8 -16 25
-8 -16 26
-8 -15 -26
-8 -15 -25
-8 -15 -24
-8 -15 -23
-8 -15 -22
-8 -15 -21
-8 -15 -20
-8 -15 -19
-8 -15 -18
-8 -15 -17
-8 -15 -16
-8 -15 -15
-8 -15 -14
-8 -15 -13
-8 -15 -12
-8 -15 -11
-8 -15 -10
-8 -15 -9
-8 -15 -8
-8 -15 -7
-8 -15 -6
-8 -15 -5
-8 -15 -4
-8 -15 -3
-8 -15 -2
-8 -15 -1
-8 -15 0
-8 -15 1
-8 -15 2
-8 -15 3
-8 -15 4
-8 -15 5
-8 -15 6
-8 -15 7
-8 -15 8
-8 -15 9
-8 -15 10
-8 -15 11
-8 -15 12
-8 -15 13
-8 -15 14
-8 -15 15
-8 -15 16
-8 -15 17
-8 -15 18
-8 -15 19
-8 -15 20
-8 -15 21
-8 -15 22
-8 -15 23
-8 -15 24
-8 -15 25
-8 -15 26
-8 -14 -26
-8 -14 -25
-8 -14 -24
-8 -14 -23
-8 -14 -22
-8 -14 -21
-8 -14 -20
-8 -14 -19
-8 -14 -18
-8 -14 -17
-8 -14 -16
-8 -14 -15
-8 -14 -14
-8 -14 -13
-8 -14 -12
-8 -14 -11
-8 -14 -10
-8 -14 -9
-8 -14 -8
-8 -14 -7
-8 -14 -6
-8 -14 -5
-8 -14 -4
-8 -14 -3
-8 -14 -2
-8 -14 -1
-8 -14 0
-8 -14 1
-8 -14 2
-8 -14 3
-8 -14 4
-8 -14 5
-8 -14 6
-8 -14 7
-8 -14 8
-8 -14 9
-8 -14 10
-8 -14 11
-8 -14 12
-8 -14 13
-8 -14 14
-8 -14 15
-8 -14 16
-8 -14 17
-8 -14 18
-8 -14 19
-8 -14 20
-8 -14 21
-8 -14 22
-8 -14 23
-8 -14 24
-8 -14 25
-8 -14 26
-8 -13 -26
-8 -13 -25
-8 -13 -24
-8 -13 -23
-8 -13 -22
-8 -13 -21
-8 -13 -20
-8 -13 -19
-8 -13 -18
-8 -13 -17
-8 -13 -16
-8 -13 -15
-8 -13 -14
-8 -13 -13
-8 -13 -12
-8 -13 -11
-8 -13 -10
-8 -13 -9
-8 -13 -8
-8 -13 -7
-8 -13 -6
-8 -13 -5
-8 -13 -4
-8 -13 -3
-8 -13 -2
-8 -13 -1
-8 -13 0
-8 -13 1
-8 -13 2
-8 -13 3
-8 -13 4
-8 -13 5
-8 -13 6
-8 -13 7
-8 -13 8
-8 -13 9
-8 -13 10
-8 -13 11
-8 -13 12
-8 -13 13
-8 -13 14
-8 -13 15
-8 -13 16
-8 -13 17
-8 -13 18
-8 -13 19
-8 -13 20
-8 -13 21
-8 -13 22
-8 -13 23
-8 -13 24
-8 -13 25
-8 -13 26
-8 -12 -26
-8 -12 -25
-8 -12 -24
-8 -12 -23
-8 -12 -22
-8 -12 -21
-8 -12 -20
-8 -12 -19
-8 -12 -18
-8 -12 -17
-8 -12 -16
-8 -12 -15
-8 -12 -14
-8 -12 -13
-8 -12 -12
-8 -12 -11
-8 -12 -10
-8 -12 -9
-8 -12 -8
-8 -12 -7
-8 -12 -6
-8 -12 -5
-8 -12 -4
-8 -12 -3
-8 -12 -2
-8 -12 -1
-8 -12 0
-8 -12 1
-8 -12 2
-8 -12 3
-8 -12 4
-8 -12 5
-8 -12 6
-8 -12 7
-8 -12 8
-8 -12 9
-8 -12 10
-8 -12 11
-8 -12 12
-8 -12 13
-8 -12 14
-8 -12 15
-8 -12 16
-8 -12 17
-8 -12 18
-8 -12 19
-8 -12 20
-8 -12 21
-8 -12 22
-8 -12 23
-8 -12 24
-8 -12 25
-8 -12 26
-8 -11 -26
-8 -11 -25
-8 -11 -24
-8 -11 -23
-8 -11 -22
-8 -11 -21
-8 -11 -20
-8 -11 -19
-8 -11 -18
-8 -11 -17
-8 -11 -16
-8 -11 -15
-8 -11 -14
-8 -11 -13
-8 -11 -12
-8 -11 -11
-8 -11 -10
-8 -11 -9
-8 -11 -8
-8 -11 -7
-8 -11 -6
-8 -11 -5
-8 -11 -4
-8 -11 -3
-8 -11 -2
-8 -11 -1
-8 -11 0
-8 -11 1
-8 -11 2
-8 -11 3
-8 -11 4
-8 -11 5
-8 -11 6
-8 -11 7
-8 -11 8
-8 -11 9
-8 -11 10
-8 -11 11
-8 -11 12
-8 -11 13
-8 -11 14
-8 -11 15
-8 -11 16
-8 -11 17
-8 -11 18
-8 -11 19
-8 -11 20
-8 -11 21
-8 -11 22
-8 -11 23
-8 -11 24
-8 -11 25
-8 -11 26
-8 -10 -26
-8 -10 -25
-8 -10 -24
-8 -10 -23
-8 -10 -22
-8 -10 -21
-8 -10 -20
-8 -10 -19
-8 -10 -18
-8 -10 -17
-8 -10 -16
-8 -10 -15
-8 -10 -14
-8 -10 -13
-8 -10 -12
-8 -10 -11
-8 -10 -10
-8 -10 -9
-8 -10 -8
-8 -10 -7
-8 -10 -6
-8 -10 -5
-8 -10 -4
-8 -10 -3
-8 -10 -2
-8 -10 -1
-8 -10 0
-8 -10 1
-8 -10 2
-8 -10 3
-8 -10 4
-8 -10 5
-8 -10 6
-8 -10 7
-8 -10 8
-8 -10 9
-8 -10 10
-8 -10 11
-8 -10 12
-8 -10 13
-8 -10 14
-8 -10 15
-8 -10 16
-8 -10 17
-8 -10 18
-8 -10 19
-8 -10 20
-8 -10 21
-8 -10 22
-8 -10 23
-8 -10 24
-8 -10 25
-8 -10 26
-8 -9 -26
-8 -9 -25
-8 -9 -24
-8 -9 -23
-8 -9 -22
-8 -9 -21
-8 -9 -20
-8 -9 -19
-8 -9 -18
-8 -9 -17
-8 -9 -16
-8 -9 -15
-8 -9 -14
-8 -9 -13
-8 -9 -12
-8 -9 -11
-8 -9 -10
-8 -9 -9
-8 -9 -8
-8 -9 -7
-8 -9 -6
-8 -9 -5
-8 -9 -4
-8 -9 -3
-8 -9 -2
-8 -9 -1
-8 -9 0
-8 -9 1
-8 -9 2
-8 -9 3
-8 -9 4
-8 -9 5
-8 -9 6
-8 -9 7
-8 -9 8
-8 -9 9
-8 -9 10
-8 -9 11
-8 -9 12
-8 -9 13
-8 -9 14
-8 -9 15
-8 -9 16
-8 -9 17
-8 -9 18
-8 -9 19
-8 -9 20
-8 -9 21
-8 -9 22
-8 -9 23
-8 -9 24
-8 -9 25
-8 -9 26
-8 -8 -26
-8 -8 -25
-8 -8 -24
-8 -8 -23
-8 -8 -22
-8 -8 -21
-8 -8 -20
-8 -8 -19
-8 -8 -18
-8 -8 -17
-8 -8 -16
-8 -8 -15
-8 -8 -14
-8 -8 -13
-8 -8 -12
-8 -8 -11
-8 -8 -10
-8 -8 -9
-8 -8 -8
-8 -8 -7
-8 -8 -6
-8 -8 -5
-8 -8 -4
-8 -8 -3
-8 -8 -2
-8 -8 -1
-8 -8 0
-8 -8 1
-8 -8 2
-8 -8 3
-8 -8 4
-8 -8 5
-8 -8 6
-8 -8 7
-8 -8 8
-8 -8 9
-8 -8 10
-8 -8 11
-8 -8 12
-8 -8 13
-8 -8 14
-8 -8 15
-8 -8 16
-8 -8 17
-8 -8 18
-8 -8 19
-8 -8 20
-8 -8 21
-8 -8 22
-8 -8 23
-8 -8 24
-8 -8 25
-8 -8 26
-8 -7 -26
-8 -7 -25
-8 -7 -24
-8 -7 -23
-8 -7 -22
-8 -7 -21
-8 -7 -20
-8 -7 -19
-8 -7 -18
-8 -7 -17
-8 -7 -16
-8 -7 -15
-8 -7 -14
-8 -7 -13
-8 -7 -12
-8 -7 -11
-8 -7 -10
-8 -7 -9
-8 -7 -8
-8 -7 -7
-8 -7 -6
-8 -7 -5
-8 -7 -4
-8 -7 -3
-8 -7 -2
-8 -7 -1
-8 -7 0
-8 -7 1
-8 -7 2
-8 -7 3
-8 -7 4
-8 -7 5
-8 -7 6
-8 -7 7
-8 -7 8
-8 -7 9
-8 -7 10
-8 -7 11
-8 -7 12
-8 -7 13
-8 -7 14
-8 -7 15
-8 -7 16
-8 -7 17
-8 -7 18
-8 -7 19
-8 -7 20
-8 -7 21
-8 -7 22
-8 -7 23
-8 -7 24
-8 -7 25
-8 -7 26
-8 -6 -26
-8 -6 -25
-8 -6 -24
-8 -6 -23
-8 -6 -22
-8 -6 -21
-8 -6 -20
-8 -6 -19
-8 -6 -18
-8 -6 -17
-8 -6 -16
-8 -6 -15
-8 -6 -14
-8 -6 -13
-8 -6 -12
-8 -6 -11
-8 -6 -10
-8 -6 -9
-8 -6 -8
-8 -6 -7
-8 -6 -6
-8 -6 -5
-8 -6 -4
-8 -6 -3
-8 -6 -2
-8 -6 -1
-8 -6 0
-8 -6 1
-8 -6 2
-8 -6 3
-8 -6 4
-8 -6 5
-8 -6 6
-8 -6 7
-8 -6 8
-8 -6 9
-8 -6 10
-8 -6 11
-8 -6 12
-8 -6 13
-8 -6 14
-8 -6 15
-8 -6 16
-8 -6 17
-8 -6 18
-8 -6 19
-8 -6 20
-8 -6 21
-8 -6 22
-8 -6 23
-8 -6 24
-8 -6 25
-8 -6 26
-8 -5 -26
-8 -5 -25
-8 -5 -24
-8 -5 -23
-8 -5 -22
-8 -5 -21
-8 -5 -20
-8 -5 -19
-8 -5 -18
-8 -5 -17
-8 -5 -16
-8 -5 -15
-8 -5 -14
-8 -5 -13
-8 -5 -12
-8 -5 -11
-8 -5 -10
-8 -5 -9
-8 -5 -8
-8 -5 -7
-8 -5 -6
-8 -5 -5
-8 -5 -4
-8 -5 -3
-8 -5 -2
-8 -5 -1
-8 -5 0
-8 -5 1
-8 -5 2
-8 -5 3
-8 -5 4
-8 -5 5
-8 -5 6
-8 -5 7
-8 -5 8
-8 -5 9
-8 -5 10
-8 -5 11
-8 -5 12
-8 -5 13
-8 -5 14
-8 -5 15
-8 -5 16
-8 -5 17
-8 -5 18
-8 -5 19
-8 -5 20
-8 -5 21
-8 -5 22
-8 -5 23
-8 -5 24
-8 -5 25
-8 -5 26
-8 -4 -26
-8 -4 -25
-8 -4 -24
-8 -4 -23
-8 -4 -22
-8 -4 -21
-8 -4 -20
-8 -4 -19
-8 -4 -18
-8 -4 -17
-8 -4 -16
-8 -4 -15
-8 -4 -14
-8 -4 -13
-8 -4 -12
-8 -4 -11
-8 -4 -10
-8 -4 -9
-8 -4 -8
-8 -4 -7
-8 -4 -6
-8 -4 -5
-8 -4 -4
-8 -4 -3
-8 -4 -2
-8 -4 -1
-8 -4 0
-8 -4 1
-8 -4 2
-8 -4 3
-8 -4 4
-8 -4 5
-8 -4 6
-8 -4 7
-8 -4 8
-8 -4 9
-8 -4 10
-8 -4 11
-8 -4 12
-8 -4 13
-8 -4 14
-8 -4 15
-8 -4 16
-8 -4 17
-8 -4 18
-8 -4 19
-8 -4 20
-8 -4 21
-8 -4 22
-8 -4 23
-8 -4 24
-8 -4 25
-8 -4 26
-8 -3 -26
-8 -3 -25
-8 -3 -24
-8 -3 -23
-8 -3 -22
-8 -3 -21
-8 -3 -20
-8 -3 -19
-8 -3 -18
-8 -3 -17
-8 -3 -16
-8 -3 -15
-8 -3 -14
-8 -3 -13
-8 -3 -12
-8 -3 -11
-8 -3 -10
-8 -3 -9
-8 -3 -8
-8 -3 -7
-8 -3 -6
-8 -3 -5
-8 -3 -4
-8 -3 -3
-8 -3 -2
-8 -3 -1
-8 -3 0
-8 -3 1
-8 -3 2
-8 -3 3
-8 -3 4
-8 -3 5
-8 -3 6
-8 -3 7
-8 -3 8
-8 -3 9
-8 -3 10
-8 -3 11
-8 -3 12
-8 -3 13
-8 -3 14
-8 -3 15
-8 -3 16
-8 -3 17
-8 -3 18
-8 -3 19
-8 -3 20
-8 -3 21
-8 -3 22
-8 -3 23
-8 -3 24
-8 -3 25
-8 -3 26
-8 -2 -26
-8 -2 -25
-8 -2 -24
-8 -2 -23
-8 -2 -22
-8 -2 -21
-8 -2 -20
-8 -2 -19
-8 -2 -18
-8 -2 -17
-8 -2 -16
-8 -2 -15
-8 -2 -14
-8 -2 -13
-8 -2 -12
-8 -2 -11
-8 -2 -10
-8 -2 -9
-8 -2 -8
-8 -2 -7
-8 -2 -6
-8 -2 -5
-8 -2 -4
-8 -2 -3
-8 -2 -2
-8 -2 -1
-8 -2 0
-8 -2 1
-8 -2 2
-8 -2 3
-8 -2 4
-8 -2 5
-8 -2 6
-8 -2 7
-8 -2 8
-8 -2 9
-8 -2 10
-8 -2 11
-8 -2 12
-8 -2 13
-8 -2 14
-8 -2 15
-8 -2 16
-8 -2 17
-8 -2 18
-8 -2 19
-8 -2 20
-8 -2 21
-8 -2 22
-8 -2 23
-8 -2 24
-8 -2 25
-8 -2 26
-8 -1 -26
-8 -1 -25
-8 -1 -24
-8 -1 -23
-8 -1 -22
-8 -1 -21
-8 -1 -20
-8 -1 -19
-8 -1 -18
-8 -1 -17
-8 -1 -16
-8 -1 -15
-8 -1 -14
-8 -1 -13
-8 -1 -12
-8 -1 -11
-8 -1 -10
-8 -1 -9
-8 -1 -8
-8 -1 -7
-8 -1 -6
-8 -1 -5
-8 -1 -4
-8 -1 -3
-8 -1 -2
-8 -1 -1
-8 -1 0
-8 -1 1
-8 -1 2
-8 -1 3
-8 -1 4
-8 -1 5
-8 -1 6
-8 -1 7
-8 -1 8
-8 -1 9
-8 -1 10
-8 -1 11
-8 -1 12
-8 -1 13
-8 -1 14
-8 -1 15
-8 -1 16
-8 -1 17
-8 -1 18
-8 -1 19
-8 -1 20
-8 -1 21
-8 -1 22
-8 -1 23
-8 -1 24
-8 -1 25
-8 -1 26
-8 0 -26
-8 0 -25
-8 0 -24
-8 0 -23
-8 0 -22
-8 0 -21
-8 0 -20
-8 0 -19
-8 0 -18
-8 0 -17
-8 0 -16
-8 0 -15
-8 0 -14
-8 0 -13
-8 0 -12
-8 0 -11
-8 0 -10
-8 0 -9
-8 0 -8
-8 0 -7
-8 0 -6
-8 0 -5
-8 0 -4
-8 0 -3
-8 0 -2
-8 0 -1
-8 0 0
-8 0 1
-8 0 2
-8 0 3
-8 0 4
-8 0 5
-8 0 6
-8 0 7
-8 0 8
-8 0 9
-8 0 10
-8 0 11
-8 0 12
-8 0 13
-8 0 14
-8 0 15
-8 0 16
-8 0 17
-8 0 18
-8 0 19
-8 0 20
-8 0 21
-8 0 22
-8 0 23
-8 0 24
-8 0 25
-8 0 26
-8 1 -26
-8 1 -25
-8 1 -24
-8 1 -23
-8 1 -22
-8 1 -21
-8 1 -20
-8 1 -19
-8 1 -18
-8 1 -17
-8 1 -16
-8 1 -15
-8 1 -14
-8 1 -13
-8 1 -12
-8 1 -11
-8 1 -10
-8 1 -9
-8 1 -8
-8 1 -7
-8 1 -6
-8 1 -5
-8 1 -4
-8 1 -3
-8 1 -2
-8 1 -1
-8 1 0
-8 1 1
-8 1 2
-8 1 3
-8 1 4
-8 1 5
-8 1 6
-8 1 7
-8 1 8
-8 1 9
-8 1 10
-8 1 11
-8 1 12
-8 1 13
-8 1 14
-8 1 15
-8 1 16
-8 1 17
-8 1 18
-8 1 19
-8 1 20
-8 1 21
-8 1 22
-8 1 23
-8 1 24
-8 1 25
-8 1 26
-8 2 -26
-8 2 -25
-8 2 -24
-8 2 -23
-8 2 -22
-8 2 -21
-8 2 -20
-8 2 -19
-8 2 -18
-8 2 -17
-8 2 -16
-8 2 -15
-8 2 -14
-8 2 -13
-8 2 -12
-8 2 -11
-8 2 -10
-8 2 -9
-8 2 -8
-8 2 -7
-8 2 -6
-8 2 -5
-8 2 -4
-8 2 -3
-8 2 -2
-8 2 -1
-8 2 0
-8 2 1
-8 2 2
-8 2 3
-8 2 4
-8 2 5
-8 2 6
-8 2 7
-8 2 8
-8 2 9
-8 2 10
-8 2 11
-8 2 12
-8 2 13
-8 2 14
-8 2 15
-8 2 16
-8 2 17
-8 2 18
-8 2 19
-8 2 20
-8 2 21
-8 2 22
-8 2 23
-8 2 24
-8 2 25
-8 2 26
-8 3 -26
-8 3 -25
-8 3 -24
-8 3 -23
-8 3 -22
-8 3 -21
-8 3 -20
-8 3 -19
-8 3 -18
-8 3 -17
-8 3 -16
-8 3 -15
-8 3 -14
-8 3 -13
-8 3 -12
-8 3 -11
-8 3 -10
-8 3 -9
-8 3 -8
-8 3 -7
-8 3 -6
-8 3 -5
-8 3 -4
-8 3 -3
-8 3 -2
-8 3 -1
-8 3 0
-8 3 1
-8 3 2
-8 3 3
-8 3 4
-8 3 5
-8 3 6
-8 3 7
-8 3 8
-8 3 9
-8 3 10
-8 3 11
-8 3 12
-8 3 13
-8 3 14
-8 3 15
-8 3 16
-8 3 17
-8 3 18
-8 3 19
-8 3 20
-8 3 21
-8 3 22
-8 3 23
-8 3 24
-8 3 25
-8 3 26
-8 4 -26
-8 4 -25
-8 4 -24
-8 4 -23
-8 4 -22
-8 4 -21
-8 4 -20
-8 4 -19
-8 4 -18
-8 4 -17
-8 4 -16
-8 4 -15
-8 4 -14
-8 4 -13
-8 4 -12
-8 4 -11
-8 4 -10
-8 4 -9
-8 4 -8
-8 4 -7
-8 4 -6
-8 4 -5
-8 4 -4
-8 4 -3
-8 4 -2
-8 4 -1
-8 4 0
-8 4 1
-8 4 2
-8 4 3
-8 4 4
-8 4 5
-8 4 6
-8 4 7
-8 4 8
-8 4 9
-8 4 10
-8 4 11
-8 4 12
-8 4 13
-8 4 14
-8 4 15
-8 4 16
-8 4 17
-8 4 18
-8 4 19
-8 4 20
-8 4 21
-8 4 22
-8 4 23
-8 4 24
-8 4 25
-8 4 26
-8 5 -26
-8 5 -25
-8 5 -24
-8 5 -23
-8 5 -22
-8 5 -21
-8 5 -20
-8 5 -19
-8 5 -18
-8 5 -17
-8 5 -16
-8 5 -15
-8 5 -14
-8 5 -13
-8 5 -12
-8 5 -11
-8 5 -10
-8 5 -9
-8 5 -8
-8 5 -7
-8 5 -6
-8 5 -5
-8 5 -4
-8 5 -3
-8 5 -2
-8 5 -1
-8 5 0
-8 5 1
-8 5 2
-8 5 3
-8 5 4
-8 5 5
-8 5 6
-8 5 7
-8 5 8
-8 5 9
-8 5 10
-8 5 11
-8 5 12
-8 5 13
-8 5 14
-8 5 15
-8 5 16
-8 5 17
-8 5 18
-8 5 19
-8 5 20
-8 5 21
-8 5 22
-8 5 23
-8 5 24
-8 5 25
-8 5 26
-8 6 -26
-8 6 -25
-8 6 -24
-8 6 -23
-8 6 -22
-8 6 -21
-8 6 -20
-8 6 -19
-8 6 -18
-8 6 -17
-8 6 -16
-8 6 -15
-8 6 -14
-8 6 -13
-8 6 -12
-8 6 -11
-8 6 -10
-8 6 -9
-8 6 -8
-8 6 -7
-8 6 -6
-8 6 -5
-8 6 -4
-8 6 -3
-8 6 -2
-8 6 -1
-8 6 0
-8 6 1
-8 6 2
-8 6 3
-8 6 4
-8 6 5
-8 6 6
-8 6 7
-8 6 8
-8 6 9
-8 6 10
-8 6 11
-8 6 12
-8 6 13
-8 6 14
-8 6 15
-8 6 16
-8 6 17
-8 6 18
-8 6 19
-8 6 20
-8 6 21
-8 6 22
-8 6 23
-8 6 24
-8 6 25
-8 6 26
-8 7 -26
-8 7 -25
-8 7 -24
-8 7 -23
-8 7 -22
-8 7 -21
-8 7 -20
-8 7 -19
-8 7 -18
-8 7 -17
-8 7 -16
-8 7 -15
-8 7 -14
-8 7 -13
-8 7 -12
-8 7 -11
-8 7 -10
-8 7 -9
-8 7 -8
-8 7 -7
-8 7 -6
-8 7 -5
-8 7 -4
-8 7 -3
-8 7 -2
-8 7 -1
-8 7 0
-8 7 1
-8 7 2
-8 7 3
-8 7 4
-8 7 5
-8 7 6
-8 7 7
-8 7 8
-8 7 9
-8 7 10
-8 7 11
-8 7 12
-8 7 13
-8 7 14
-8 7 15
-8 7 16
-8 7 17
-8 7 18
-8 7 19
-8 7 20
-8 7 21
-8 7 22
-8 7 23
-8 7 24
-8 7 25
-8 7 26
-8 8 -26
-8 8 -25
-8 8 -24
-8 8 -23
-8 8 -22
-8 8 -21
-8 8 -20
-8 8 -19
-8 8 -18
-8 8 -17
-8 8 -16
-8 8 -15
-8 8 -14
-8 8 -13
-8 8 -12
-8 8 -11
-8 8 -10
-8 8 -9
-8 8 -8
-8 8 -7
-8 8 -6
-8 8 -5
-8 8 -4
-8 8 -3
-8 8 -2
-8 8 -1
-8 8 0
-8 8 1
-8 8 2
-8 8 3
-8 8 4
-8 8 5
-8 8 6
-8 8 7
-8 8 8
-8 8 9
-8 8 10
-8 8 11
-8 8 12
-8 8 13
-8 8 14
-8 8 15
-8 8 16
-8 8 17
-8 8 18
-8 8 19
-8 8 20
-8 8 21
-8 8 22
-8 8 23
-8 8 24
-8 8 25
-8 8 26
-8 9 -26
-8 9 -25
-8 9 -24
-8 9 -23
-8 9 -22
-8 9 -21
-8 9 -20
-8 9 -19
-8 9 -18
-8 9 -17
-8 9 -16
-8 9 -15
-8 9 -14
-8 9 -13
-8 9 -12
-8 9 -11
-8 9 -10
-8 9 -9
-8 9 -8
-8 9 -7
-8 9 -6
-8 9 -5
-8 9 -4
-8 9 -3
-8 9 -2
-8 9 -1
-8 9 0
-8 9 1
-8 9 2
-8 9 3
-8 9 4
-8 9 5
-8 9 6
-8 9 7
-8 9 8
-8 9 9
-8 9 10
-8 9 11
-8 9 12
-8 9 13
-8 9 14
-8 9 15
-8 9 16
-8 9 17
-8 9 18
-8 9 19
-8 9 20
-8 9 21
-8 9 22
-8 9 23
-8 9 24
-8 9 25
-8 9 26
-8 10 -26
-8 10 -25
-8 10 -24
-8 10 -23
-8 10 -22
-8 10 -21
-8 10 -20
-8 10 -19
-8 10 -18
-8 10 -17
-8 10 -16
-8 10 -15
-8 10 -14
-8 10 -13
-8 10 -12
-8 10 -11
-8 10 -10
-8 10 -9
-8 10 -8
-8 10 -7
-8 10 -6
-8 10 -5
-8 10 -4
-8 10 -3
-8 10 -2
-8 10 -1
-8 10 0
-8 10 1
-8 10 2
-8 10 3
-8 10 4
-8 10 5
-8 10 6
-8 10 7
-8 10 8
-8 10 9
-8 10 10
-8 10 11
-8 10 12
-8 10 13
-8 10 14
-8 10 15
-8 10 16
-8 10 17
-8 10 18
-8 10 19
-8 10 20
-8 10 21
-8 10 22
-8 10 23
-8 10 24
-8 10 25
-8 10 26
-8 11 -26
-8 11 -25
-8 11 -24
-8 11 -23
-8 11 -22
-8 11 -21
-8 11 -20
-8 11 -19
-8 11 -18
-8 11 -17
-8 11 -16
-8 11 -15
-8 11 -14
-8 11 -13
-8 11 -12
-8 11 -11
-8 11 -10
-8 11 -9
-8 11 -8
-8 11 -7
-8 11 -6
-8 11 -5
-8 11 -4
-8 11 -3
-8 11 -2
-8 11 -1
-8 11 0
-8 11 1
-8 11 2
-8 11 3
-8 11 4
-8 11 5
-8 11 6
-8 11 7
-8 11 8
-8 11 9
-8 11 10
-8 11 11
-8 11 12
-8 11 13
-8 11 14
-8 11 15
-8 11 16
-8 11 17
-8 11 18
-8 11 19
-8 11 20
-8 11 21
-8 11 22
-8 11 23
-8 11 24
-8 11 25
-8 11 26
-8 12 -26
-8 12 -25
-8 12 -24
-8 12 -23
-8 12 -22
-8 12 -21
-8 12 -20
-8 12 -19
-8 12 -18
-8 12 -17
-8 12 -16
-8 12 -15
-8 12 -14
-8 12 -13
-8 12 -12
-8 12 -11
-8 12 -10
-8 12 -9
-8 12 -8
-8 12 -7
-8 12 -6
-8 12 -5
-8 12 -4
-8 12 -3
-8 12 -2
-8 12 -1
-8 12 0
-8 12 1
-8 12 2
-8 12 3
-8 12 4
-8 12 5
-8 12 6
-8 12 7
-8 12 8
-8 12 9
-8 12 10
-8 12 11
-8 12 12
-8 12 13
-8 12 14
-8 12 15
-8 12 16
-8 12 17
-8 12 18
-8 12 19
-8 12 20
-8 12 21
-8 12 22
-8 12 23
-8 12 24
-8 12 25
-8 12 26
-8 13 -26
-8 13 -25
-8 13 -24
-8 13 -23
-8 13 -22
-8 13 -21
-8 13 -20
-8 13 -19
-8 13 -18
-8 13 -17
-8 13 -16
-8 13 -15
-8 13 -14
-8 13 -13
-8 13 -12
-8 13 -11
-8 13 -10
-8 13 -9
-8 13 -8
-8 13 -7
-8 13 -6
-8 13 -5
-8 13 -4
-8 13 -3
-8 13 -2
-8 13 -1
-8 13 0
-8 13 1
-8 13 2
-8 13 3
-8 13 4
-8 13 5
-8 13 6
-8 13 7
-8 13 8
-8 13 9
-8 13 10
-8 13 11
-8 13 12
-8 13 13
-8 13 14
-8 13 15
-8 13 16
-8 13 17
-8 13 18
-8 13 19
-8 13 20
-8 13 21
-8 13 22
-8 13 23
-8 13 24
-8 13 25
-8 13 26
-8 14 -26
-8 14 -25
-8 14 -24
-8 14 -23
-8 14 -22
-8 14 -21
-8 14 -20
-8 14 -19
-8 14 -18
-8 14 -17
-8 14 -16
-8 14 -15
-8 14 -14
-8 14 -13
-8 14 -12
-8 14 -11
-8 14 -10
-8 14 -9
-8 14 -8
-8 14 -7
-8 14 -6
-8 14 -5
-8 14 -4
-8 14 -3
-8 14 -2
-8 14 -1
-8 14 0
-8 14 1
-8 14 2
-8 14 3
-8 14 4
-8 14 5
-8 14 6
-8 14 7
-8 14 8
-8 14 9
-8 14 10
-8 14 11
-8 14 12
-8 14 13
-8 14 14
-8 14 15
-8 14 16
-8 14 17
-8 14 18
-8 14 19
-8 14 20
-8 14 21
-8 14 22
-8 14 23
-8 14 24
-8 14 25
-8 14 26
-8 15 -26
-8 15 -25
-8 15 -24
-8 15 -23
-8 15 -22
-8 15 -21
-8 15 -20
-8 15 -19
-8 15 -18
-8 15 -17
-8 15 -16
-8 15 -15
-8 15 -14
-8 15 -13
-8 15 -12
-8 15 -11
-8 15 -10
-8 15 -9
-8 15 -8
-8 15 -7
-8 15 -6
-8 15 -5
-8 15 -4
-8 15 -3
-8 15 -2
-8 15 -1
-8 15 0
-8 15 1
-8 15 2
-8 15 3
-8 15 4
-8 15 5
-8 15 6
-8 15 7
-8 15 8
-8 15 9
-8 15 10
-8 15 11
-8 15 12
-8 15 13
-8 15 14
-8 15 15
-8 15 16
-8 15 17
-8 15 18
-8 15 19
-8 15 20
-8 15 21
-8 15 22
-8 15 23
-8 15 24
-8 15 25
-8 15 26
-8 16 -26
-8 16 -25
-8 16 -24
-8 16 -23
-8 16 -22
-8 16 -21
-8 16 -20
-8 16 -19
-8 16 -18
-8 16 -17
-8 16 -16
-8 16 -15
-8 16 -14
-8 16 -13
-8 16 -12
-8 16 -11
-8 16 -10
-8 16 -9
-8 16 -8
-8 16 -7
-8 16 -6
-8 16 -5
-8 16 -4
-8 16 -3
-8 16 -2
-8 16 -1
-8 16 0
-8 16 1
-8 16 2
-8 16 3
-8 16 4
-8 16 5
-8 16 6
-8 16 7
-8 16 8
-8 16 9
-8 16 10
-8 16 11
-8 16 12
-8 16 13
-8 16 14
-8 16 15
-8 16 16
-8 16 17
-8 16 18
-8 16 19
-8 16 20
-8 16 21
-8 16 22
-8 16 23
-8 16 24
-8 16 25
-8 16 26
-8 17 -26
-8 17 -25
-8 17 -24
-8 17 -23
-8 17 -22
-8 17 -21
-8 17 -20
-8 17 -19
-8 17 -18
-8 17 -17
-8 17 -16
-8 17 -15
-8 17 -14
-8 17 -13
-8 17 -12
-8 17 -11
-8 17 -10
-8 17 -9
-8 17 -8
-8 17 -7
-8 17 -6
-8 17 -5
-8 17 -4
-8 17 -3
-8 17 -2
-8 17 -1
-8 17 0
-8 17 1
-8 17 2
-8 17 3
-8 17 4
-8 17 5
-8 17 6
-8 17 7
-8 17 8
-8 17 9
-8 17 10
-8 17 11
-8 17 12
-8 17 13
-8 17 14
-8 17 15
-8 17 16
-8 17 17
-8 17 18
-8 17 19
-8 17 20
-8 17 21
-8 17 22
-8 17 23
-8 17 24
-8 17 25
-8 17 26
-7 -17 -26
-7 -17 -25
-7 -17 -24
-7 -17 -23
-7 -17 -22
-7 -17 -21
-7 -17 -20
-7 -17 -19
-7 -17 -18
-7 -17 -17
-7 -17 -16
-7 -17 -15
-7 -17 -14
-7 -17 -13
-7 -17 -12
-7 -17 -11
-7 -17 -10
-7 -17 -9
-7 -17 -8
-7 -17 -7
-7 -17 -6
-7 -17 -5
-7 -17 -4
-7 -17 -3
-7 -17 -2
-7 -17 -1
-7 -17 0
-7 -17 1
-7 -17 2
-7 -17 3
-7 -17 4
-7 -17 5
-7 -17 6
-7 -17 7
-7 -17 8
-7 -17 9
-7 -17 10
-7 -17 11
-7 -17 12
-7 -17 13
-7 -17 14
-7 -17 15
-7 -17 16
-7 -17 17
-7 -17 18
-7 -17 19
-7 -17 20
-7 -17 21
-7 -17 22
-7 -17 23
-7 -17 24
-7 -17 25
-7 -17 26
-7 -16 -26
-7 -16 26
-7 -15 -26
-7 -15 26
-7 -14 -26
-7 -14 26
-7 -13 -26
-7 -13 26
-7 -12 -26
-7 -12 26
-7 -11 -26
-7 -11 26
-7 -10 -26
-7 -10 26
-7 -9 -26
-7 -9 26
-7 -8 -26
-7 -8 26
-7 -7 -26
-7 -7 26
-7 -6 -26
-7 -6 26
-7 -5 -26
-7 -5 26
-7 -4 -26
-7 -4 26
-7 -3 -26
-7 -3 26
-7 -2 -26
-7 -2 26
-7 -1 -26
-7 -1 26
-7 0 -26
-7 0 26
-7 1 -26
-7 1 26
-7 2 -26
-7 2 26
-7 3 -26
-7 3 26
-7 4 -26
-7 4 26
-7 5 -26
-7 5 26
-7 6 -26
-7 6 26
-7 7 -26
-7 7 26
-7 8 -26
-7 8 26
-7 9 -26
-7 9 26
-7 10 -26
-7 10 26
-7 11 -26
-7 11 26
-7 12 -26
-7 12 26
-7 13 -26
-7 13 26
-7 14 -26
-7 14 26
-7 15 -26
-7 15 26
-7 16 -26
-7 16 26
-7 17 -26
-7 17 -25
-7 17 -24
-7 17 -23
-7 17 -22
-7 17 -21
-7 17 -20
-7 17 -19
-7 17 -18
-7 17 -17
-7 17 -16
-7 17 -15
-7 17 -14
-7 17 -13
-7 17 -12
-7 17 -11
-7 17 -10
-7 17 -9
-7 17 -8
-7 17 -7
-7 17 -6
-7 17 -5
-7 17 -4
-7 17 -3
-7 17 -2
-7 17 -1
-7 17 0
-7 17 1
-7 17 2
-7 17 3
-7 17 4
-7 17 5
-7 17 6
-7 17 7
-7 17 8
-7 17 9
-7 17 10
-7 17 11
-7 17 12
-7 17 13
-7 17 14
-7 17 15
-7 17 16
-7 17 17
-7 17 18
-7 17 19
-7 17 20
-7 17 21
-7 17 22
-7 17 23
-7 17 24
-7 17 25
-7 17 26
-6 -17 -26
-6 -17 -25
-6 -17 -24
-6 -17 -23
-6 -17 -22
-6 -17 -21
-6 -17 -20
-6 -17 -19
-6 -17 -18
-6 -17 -17
-6 -17 -16
-6 -17 -15
-6 -17 -14
-6 -17 -13
-6 -17 -12
-6 -17 -11
-6 -17 -10
-6 -17 -9
-6 -17 -8
-6 -17 -7
-6 -17 -6
-6 -17 -5
-6 -17 -4
-6 -17 -3
-6 -17 -2
-6 -17 -1
-6 -17 0
-6 -17 1
-6 -17 2
-6 -17 3
-6 -17 4
-6 -17 5
-6 -17 6
-6 -17 7
-6 -17 8
-6 -17 9
-6 -17 10
-6 -17 11
-6 -17 12
-6 -17 13
-6 -17 14
-6 -17 15
-6 -17 16
-6 -17 17
-6 -17 18
-6 -17 19
-6 -17 20
-6 -17 21
-6 -17 22
-6 -17 23
-6 -17 24
-6 -17 25
-6 -17 26
-6 -16 -26
-6 -16 26
-6 -15 -26
-6 -15 26
-6 -14 -26
-6 -14 26
-6 -13 -26
-6 -13 26
-6 -12 -26
-6 -12 26
-6 -11 -26
-6 -11 26
-6 -10 -26
-6 -10 26
-6 -9 -26
-6 -9 26
-6 -8 -26
-6 -8 26
-6 -7 -26
-6 -7 26
-6 -6 -26
-6 -6 26
-6 -5 -26
-6 -5 26
-6 -4 -26
-6 -4 26
-6 -3 -26
-6 -3 26
-6 -2 -26
-6 -2 26
-6 -1 -26
-6 -1 26
-6 0 -26
-6 0 26
-6 1 -26
-6 1 26
-6 2 -26
-6 2 26
-6 3 -26
-6 3 26
-6 4 -26
-6 4 26
-6 5 -26
-6 5 26
-6 6 -26
-6 6 26
-6 7 -26
-6 7 26
-6 8 -26
-6 8 26
-6 9 -26
-6 9 26
-6 10 -26
-6 10 26
-6 11 -26
-6 11 26
-6 12 -26
-6 12 26
-6 13 -26
-6 13 26
-6 14 -26
-6 14 26
-6 15 -26
-6 15 26
-6 16 -26
-6 16 26
-6 17 -26
-6 17 -25
-6 17 -24
-6 17 -23
-6 17 -22
-6 17 -21
-6 17 -20
-6 17 -19
-6 17 -18
-6 17 -17
-6 17 -16
-6 17 -15
-6 17 -14
-6 17 -13
-6 17 -12
-6 17 -11
-6 17 -10
-6 17 -9
-6 17 -8
-6 17 -7
-6 17 -6
-6 17 -5
-6 17 -4
-6 17 -3
-6 17 -2
-6 17 -1
-6 17 0
-6 17 1
-6 17 2
-6 17 3
-6 17 4
-6 17 5
-6 17 6
-6 17 7
-6 17 8
-6 17 9
-6 17 10
-6 17 11
-6 17 12
-6 17 13
-6 17 14
-6 17 15
-6 17 16
-6 17 17
-6 17 18
-6 17 19
-6 17 20
-6 17 21
-6 17 22
-6 17 23
-6 17 24
-6 17 25
-6 17 26
-5 -17 -26
-5 -17 -25
-5 -17 -24
-5 -17 -23
-5 -17 -22
-5 -17 -21
-5 -17 -20
-5 -17 -19
-5 -17 -18
-5 -17 -17
-5 -17 -16
-5 -17 -15
-5 -17 -14
-5 -17 -13
-5 -17 -12
-5 -17 -11
-5 -17 -10
-5 -17 -9
-5 -17 -8
-5 -17 -7
-5 -17 -6
-5 -17 -5
-5 -17 -4
-5 -17 -3
-5 -17 -2
-5 -17 -1
-5 -17 0
-5 -17 1
-5 -17 2
-5 -17 3
-5 -17 4
-5 -17 5
-5 -17 6
-5 -17 7
-5 -17 8
-5 -17 9
-5 -17 10
-5 -17 11
-5 -17 12
-5 -17 13
-5 -17 14
-5 -17 15
-5 -17 16
-5 -17 17
-5 -17 18
-5 -17 19
-5 -17 20
-5 -17 21
-5 -17 22
-5 -17 23
-5 -17 24
-5 -17 25
-5 -17 26
-5 -16 -26
-5 -16 26
-5 -15 -26
-5 -15 26
-5 -14 -26
-5 -14 26
-5 -13 -26
-5 -13 26
-5 -12 -26
-5 -12 26
-5 -11 -26
-5 -11 26
-5 -10 -26
-5 -10 26
-5 -9 -26
-5 -9 26
-5 -8 -26
-5 -8 26
-5 -7 -26
-5 -7 26
-5 -6 -26
-5 -6 26
-5 -5 -26
-5 -5 26
-5 -4 -26
-5 -4 26
-5 -3 -26
-5 -3 26
-5 -2 -26
-5 -2 26
-5 -1 -26
-5 -1 26
-5 0 -26
-5 0 26
-5 1 -26
-5 1 26
-5 2 -26
-5 2 26
-5 3 -26
-5 3 26
-5 4 -26
-5 4 26
-5 5 -26
-5 5 26
-5 6 -26
-5 6 26
-5 7 -26
-5 7 26
-5 8 -26
-5 8 26
-5 9 -26
-5 9 26
-5 10 -26
-5 10 26
-5 11 -26
-5 11 26
-5 12 -26
-5 12 26
-5 13 -26
-5 13 26
-5 14 -26
-5 14 26
-5 15 -26
-5 15 26
-5 16 -26
-5 16 26
-5 17 -26
-5 17 -25
-5 17 -24
-5 17 -23
-5 17 -22
-5 17 -21
-5 17 -20
-5 17 -19
-5 17 -18
-5 17 -17
-5 17 -16
-5 17 -15
-5 17 -14
-5 17 -13
-5 17 -12
-5 17 -11
-5 17 -10
-5 17 -9
-5 17 -8
-5 17 -7
-5 17 -6
-5 17 -5
-5 17 -4
-5 17 -3
-5 17 -2
-5 17 -1
-5 17 0
-5 17 1
-5 17 2
-5 17 3
-5 17 4
-5 17 5
-5 17 6
-5 17 7
-5 17 8
-5 17 9
-5 17 10
-5 17 11
-5 17 12
-5 17 13
-5 17 14
-5 17 15
-5 17 16
-5 17 17
-5 17 18
-5 17 19
-5 17 20
-5 17 21
-5 17 22
-5 17 23
-5 17 24
-5 17 25
-5 17 26
-4 -17 -26
-4 -17 -25
-4 -17 -24
-4 -17 -23
-4 -17 -22
-4 -17 -21
-4 -17 -20
-4 -17 -19
-4 -17 -18
-4 -17 -17
-4 -17 -16
-4 -17 -15
-4 -17 -14
-4 -17 -13
-4 -17 -12
-4 -17 -11
-4 -17 -10
-4 -17 -9
-4 -17 -8
-4 -17 -7
-4 -17 -6
-4 -17 -5
-4 -17 -4
-4 -17 -3
-4 -17 -2
-4 -17 -1
-4 -17 0
-4 -17 1
-4 -17 2
-4 -17 3
-4 -17 4
-4 -17 5
-4 -17 6
-4 -17 7
-4 -17 8
-4 -17 9
-4 -17 10
-4 -17 11
-4 -17 12
-4 -17 13
-4 -17 14
-4 -17 15
-4 -17 16
-4 -17 17
-4 -17 18
-4 -17 19
-4 -17 20
-4 -17 21
-4 -17 22
-4 -17 23
-4 -17 24
-4 -17 25
-4 -17 26
-4 -16 -26
-4 -16 26
-4 -15 -26
-4 -15 26
-4 -14 -26
-4 -14 26
-4 -13 -26
-4 -13 26
-4 -12 -26
-4 -12 26
-4 -11 -26
-4 -11 26
-4 -10 -26
-4 -10 26
-4 -9 -26
-4 -9 26
-4 -8 -26
-4 -8 26
-4 -7 -26
-4 -7 26
-4 -6 -26
-4 -6 26
-4 -5 -26
-4 -5 26
-4 -4 -26
-4 -4 26
-4 -3 -26
-4 -3 26
-4 -2 -26
-4 -2 26
-4 -1 -26
-4 -1 26
-4 0 -26
-4 0 26
-4 1 -26
-4 1 26
-4 2 -26
-4 2 26
-4 3 -26
-4 3 26
-4 4 -26
-4 4 26
-4 5 -26
-4 5 26
-4 6 -26
-4 6 26
-4 7 -26
-4 7 26
-4 8 -26
-4 8 26
-4 9 -26
-4 9 26
-4 10 -26
-4 10 26
-4 11 -26
-4 11 26
-4 12 -26
-4 12 26
-4 13 -26
-4 13 26
-4 14 -26
-4 14 26
-4 15 -26
-4 15 26
-4 16 -26
-4 16 26
-4 17 -26
-4 17 -25
-4 17 -24
-4 17 -23
-4 17 -22
-4 17 -21
-4 17 -20
-4 17 -19
-4 17 -18
-4 17 -17
-4 17 -16
-4 17 -15
-4 17 -14
-4 17 -13
-4 17 -12
-4 17 -11
-4 17 -10
-4 17 -9
-4 17 -8
-4 17 -7
-4 17 -6
-4 17 -5
-4 17 -4
-4 17 -3
-4 17 -2
-4 17 -1
-4 17 0
-4 17 1
-4 17 2
-4 17 3
-4 17 4
-4 17 5
-4 17 6
-4 17 7
-4 17 8
-4 17 9
-4 17 10
-4 17 11
-4 17 12
-4 17 13
-4 17 14
-4 17 15
-4 17 16
-4 17 17
-4 17 18
-4 17 19
-4 17 20
-4 17 21
-4 17 22
-4 17 23
-4 17 24
-4 17 25
-4 17 26
-3 -17 -26
-3 -17 -25
-3 -17 -24
-3 -17 -23
-3 -17 -22
-3 -17 -21
-3 -17 -20
-3 -17 -19
-3 -17 -18
-3 -17 -17
-3 -17 -16
-3 -17 -15
-3 -17 -14
-3 -17 -13
-3 -17 -12
-3 -17 -11
-3 -17 -10
-3 -17 -9
-3 -17 -8
-3 -17 -7
-3 -17 -6
-3 -17 -5
-3 -17 -4
-3 -17 -3
-3 -17 -2
-3 -17 -1
-3 -17 0
-3 -17 1
-3 -17 2
-3 -17 3
-3 -17 4
-3 -17 5
-3 -17 6
-3 -17 7
-3 -17 8
-3 -17 9
-3 -17 10
-3 -17 11
-3 -17 12
-3 -17 13
-3 -17 14
-3 -17 15
-3 -17 16
-3 -17 17
-3 -17 18
-3 -17 19
-3 -17 20
-3 -17 21
-3 -17 22
-3 -17 23
-3 -17 24
-3 -17 25
-3 -17 26
-3 -16 -26
-3 -16 26
-3 -15 -26
-3 -15 26
-3 -14 -26
-3 -14 26
-3 -13 -26
-3 -13 26
-3 -12 -26
-3 -12 26
-3 -11 -26
-3 -11 26
-3 -10 -26
-3 -10 26
-3 -9 -26
-3 -9 26
-3 -8 -26
-3 -8 26
-3 -7 -26
-3 -7 26
-3 -6 -26
-3 -6 26
-3 -5 -26
-3 -5 26
-3 -4 -26
-3 -4 26
-3 -3 -26
-3 -3 26
-3 -2 -26
-3 -2 26
-3 -1 -26
-3 -1 26
-3 0 -26
-3 0 26
-3 1 -26
-3 1 26
-3 2 -26
-3 2 26
-3 3 -26
-3 3 26
-3 4 -26
-3 4 26
-3 5 -26
-3 5 26
-3 6 -26
-3 6 26
-3 7 -26
-3 7 26
-3 8 -26
-3 8 26
-3 9 -26
-3 9 26
-3 10 -26
-3 10 26
-3 11 -26
-3 11 26
-3 12 -26
-3 12 26
-3 13 -26
-3 13 26
-3 14 -26
-3 14 26
-3 15 -26
-3 15 26
-3 16 -26
-3 16 26
-3 17 -26
-3 17 -25
-3 17 -24
-3 17 -23
-3 17 -22
-3 17 -21
-3 17 -20
-3 17 -19
-3 17 -18
-3 17 -17
-3 17 -16
-3 17 -15
-3 17 -14
-3 17 -13
-3 17 -12
-3 17 -11
-3 17 -10
-3 17 -9
-3 17 -8
-3 17 -7
-3 17 -6
-3 17 -5
-3 17 -4
-3 17 -3
-3 17 -2
-3 17 -1
-3 17 0
-3 17 1
-3 17 2
-3 17 3
-3 17 4
-3 17 5
-3 17 6
-3 17 7
-3 17 8
-3 17 9
-3 17 10
-3 17 11
-3 17 12
-3 17 13
-3 17 14
-3 17 15
-3 17 16
-3 17 17
-3 17 18
-3 17 19
-3 17 20
-3 17 21
-3 17 22
-3 17 23
-3 17 24
-3 17 25
-3 17 26
-2 -17 -26
-2 -17 -25
-2 -17 -24
-2 -17 -23
-2 -17 -22
-2 -17 -21
-2 -17 -20
-2 -17 -19
-2 -17 -18
-2 -17 -17
-2 -17 -16
-2 -17 -15
-2 -17 -14
-2 -17 -13
-2 -17 -12
-2 -17 -11
-2 -17 -10
-2 -17 -9
-2 -17 -8
-2 -17 -7
-2 -17 -6
-2 -17 -5
-2 -17 -4
-2 -17 -3
-2 -17 -2
-2 -17 -1
-2 -17 0
-2 -17 1
-2 -17 2
-2 -17 3
-2 -17 4
-2 -17 5
-2 -17 6
-2 -17 7
-2 -17 8
-2 -17 9
-2 -17 10
-2 -17 11
-2 -17 12
-2 -17 13
-2 -17 14
-2 -17 15
-2 -17 16
-2 -17 17
-2 -17 18
-2 -17 19
-2 -17 20
-2 -17 21
-2 -17 22
-2 -17 23
-2 -17 24
-2 -17 25
-2 -17 26
-2 -16 -26
-2 -16 26
-2 -15 -26
-2 -15 26
-2 -14 -26
-2 -14 26
-2 -13 -26
-2 -13 26
-2 -12 -26
-2 -12 26
-2 -11 -26
-2 -11 26
-2 -10 -26
-2 -10 26
-2 -9 -26
-2 -9 26
-2 -8 -26
-2 -8 26
-2 -7 -26
-2 -7 26
-2 -6 -26
-2 -6 26
-2 -5 -26
-2 -5 26
-2 -4 -26
-2 -4 26
-2 -3 -26
-2 -3 26
-2 -2 -26
-2 -2 26
-2 -1 -26
-2 -1 26
-2 0 -26
-2 0 26
-2 1 -26
-2 1 26
-2 2 -26
-2 2 26
-2 3 -26
-2 3 26
-2 4 -26
-2 4 26
-2 5 -26
-2 5 26
-2 6 -26
-2 6 26
-2 7 -26
-2 7 26
-2 8 -26
-2 8 26
-2 9 -26
-2 9 26
-2 10 -26
-2 10 26
-2 11 -26
-2 11 26
-2 12 -26
-2 12 26
-2 13 -26
-2 13 26
-2 14 -26
-2 14 26
-2 15 -26
-2 15 26
-2 16 -26
-2 16 26
-2 17 -26
-2 17 -25
-2 17 -24
-2 17 -23
-2 17 -22
-2 17 -21
-2 17 -20
-2 17 -19
-2 17 -18
-2 17 -17
-2 17 -16
-2 17 -15
-2 17 -14
-2 17 -13
-2 17 -12
-2 17 -11
-2 17 -10
-2 17 -9
-2 17 -8
-2 17 -7
-2 17 -6
-2 17 -5
-2 17 -4
-2 17 -3
-2 17 -2
-2 17 -1
-2 17 0
-2 17 1
-2 17 2
-2 17 3
-2 17 4
-2 17 5
-2 17 6
-2 17 7
-2 17 8
-2 17 9
-2 17 10
-2 17 11
-2 17 12
-2 17 13
-2 17 14
-2 17 15
-2 17 16
-2 17 17
-2 17 18
-2 17 19
-2 17 20
-2 17 21
-2 17 22
-2 17 23
-2 17 24
-2 17 25
-2 17 26
-1 -17 -26
-1 -17 -25
-1 -17 -24
-1 -17 -23
-1 -17 -22
-1 -17 -21
-1 -17 -20
-1 -17 -19
-1 -17 -18
-1 -17 -17
-1 -17 -16
-1 -17 -15
-1 -17 -14
-1 -17 -13
-1 -17 -12
-1 -17 -11
-1 -17 -10
-1 -17 -9
-1 -17 -8
-1 -17 -7
-1 -17 -6
-1 -17 -5
-1 -17 -4
-1 -17 -3
-1 -17 -2
-1 -17 -1
-1 -17 0
-1 -17 1
-1 -17 2
-1 -17 3
-1 -17 4
-1 -17 5
-1 -17 6
-1 -17 7
-1 -17 8
-1 -17 9
-1 -17 10
-1 -17 11
-1 -17 12
-1 -17 13
-1 -17 14
-1 -17 15
-1 -17 16
-1 -17 17
-1 -17 18
-1 -17 19
-1 -17 20
-1 -17 21
-1 -17 22
-1 -17 23
-1 -17 24
-1 -17 25
-1 -17 26
-1 -16 -26
-1 -16 26
-1 -15 -26
-1 -15 26
-1 -14 -26
-1 -14 26
-1 -13 -26
-1 -13 26
-1 -12 -26
-1 -12 26
-1 -11 -26
-1 -11 26
-1 -10 -26
-1 -10 26
-1 -9 -26
-1 -9 26
-1 -8 -26
-1 -8 26
-1 -7 -26
-1 -7 26
-1 -6 -26
-1 -6 26
-1 -5 -26
-1 -5 26
-1 -4 -26
-1 -4 26
-1 -3 -26
-1 -3 26
-1 -2 -26
-1 -2 26
-1 -1 -26
-1 -1 26
-1 0 -26
-1 0 26
-1 1 -26
-1 1 26
-1 2 -26
-1 2 26
-1 3 -26
-1 3 26
-1 4 -26
-1 4 26
-1 5 -26
-1 5 26
-1 6 -26
-1 6 26
-1 7 -26
-1 7 26
-1 8 -26
-1 8 26
-1 9 -26
-1 9 26
-1 10 -26
-1 10 26
-1 11 -26
-1 11 26
-1 12 -26
-1 12 26
-1 13 -26
-1 13 26
-1 14 -26
-1 14 26
-1 15 -26
-1 15 26
-1 16 -26
-1 16 26
-1 17 -26
-1 17 -25
-1 17 -24
-1 17 -23
-1 17 -22
-1 17 -21
-1 17 -20
-1 17 -19
-1 17 -18
-1 17 -17
-1 17 -16
-1 17 -15
-1 17 -14
-1 17 -13
-1 17 -12
-1 17 -11
-1 17 -10
-1 17 -9
-1 17 -8
-1 17 -7
-1 17 -6
-1 17 -5
-1 17 -4
-1 17 -3
-1 17 -2
-1 17 -1
-1 17 0
-1 17 1
-1 17 2
-1 17 3
-1 17 4
-1 17 5
-1 17 6
-1 17 7
-1 17 8
-1 17 9
-1 17 10
-1 17 11
-1 17 12
-1 17 13
-1 17 14
-1 17 15
-1 17 16
-1 17 17
-1 17 18
-1 17 19
-1 17 20
-1 17 21
-1 17 22
-1 17 23
-1 17 24
-1 17 25
-1 17 26
0 -17 -26
0 -17 -25
0 -17 -24
0 -17 -23
0 -17 -22
0 -17 -21
0 -17 -20
0 -17 -19
0 -17 -18
0 -17 -17
0 -17 -16
0 -17 -15
0 -17 -14
0 -17 -13
0 -17 -12
0 -17 -11
0 -17 -10
0 -17 -9
0 -17 -8
0 -17 -7
0 -17 -6
0 -17 -5
0 -17 -4
0 -17 -3
0 -17 -2
0 -17 -1
0 -17 0
0 -17 1
0 -17 2
0 -17 3
0 -17 4
0 -17 5
0 -17 6
0 -17 7
0 -17 8
0 -17 9
0 -17 10
0 -17 11
0 -17 12
0 -17 13
0 -17 14
0 -17 15
0 -17 16
0 -17 17
0 -17 18
0 -17 19
0 -17 20
0 -17 21
0 -17 22
0 -17 23
0 -17 24
0 -17 25
0 -17 26
0 -16 -26
0 -16 26
0 -15 -26
0 -15 26
0 -14 -26
0 -14 26
0 -13 -26
0 -13 26
0 -12 -26
0 -12 26
0 -11 -26
0 -11 26
0 -10 -26
0 -10 26
0 -9 -26
0 -9 26
0 -8 -26
0 -8 26
0 -7 -26
0 -7 26
0 -6 -26
0 -6 26
0 -5 -26
0 -5 26
0 -4 -26
0 -4 26
0 -3 -26
0 -3 26
0 -2 -26
0 -2 26
0 -1 -26
0 -1 26
0 0 -26
0 0 26
0 1 -26
0 1 26
0 2 -26
0 2 26
0 3 -26
0 3 26
0 4 -26
0 4 26
0 5 -26
0 5 26
0 6 -26
0 6 26
0 7 -26
0 7 26
0 8 -26
0 8 26
0 9 -26
0 9 26
0 10 -26
0 10 26
0 11 -26
0 11 26
0 12 -26
0 12 26
0 13 -26
0 13 26
0 14 -26
0 14 26
0 15 -26
0 15 26
0 16 -26
0 16 26
0 17 -26
0 17 -25
0 17 -24
0 17 -23
0 17 -22
0 17 -21
0 17 -20
0 17 -19
0 17 -18
0 17 -17
0 17 -16
0 17 -15
0 17 -14
0 17 -13
0 17 -12
0 17 -11
0 17 -10
0 17 -9
0 17 -8
0 17 -7
0 17 -6
0 17 -5
0 17 -4
0 17 -3
0 17 -2
0 17 -1
0 17 0
0 17 1
0 17 2
0 17 3
0 17 4
0 17 5
0 17 6
0 17 7
0 17 8
0 17 9
0 17 10
0 17 11
0 17 12
0 17 13
0 17 14
0 17 15
0 17 16
0 17 17
0 17 18
0 17 19
0 17 20
0 17 21
0 17 22
0 17 23
0 17 24
0 17 25
0 17 26
1 -17 -26
1 -17 -25
1 -17 -24
1 -17 -23
1 -17 -22
1 -17 -21
1 -17 -20
1 -17 -19
1 -17 -18
1 -17 -17
1 -17 -16
1 -17 -15
1 -17 -14
1 -17 -13
1 -17 -12
1 -17 -11
1 -17 -10
1 -17 -9
1 -17 -8
1 -17 -7
1 -17 -6
1 -17 -5
1 -17 -4
1 -17 -3
1 -17 -2
1 -17 -1
1 -17 0
1 -17 1
1 -17 2
1 -17 3
1 -17 4
1 -17 5
1 -17 6
1 -17 7
1 -17 8
1 -17 9
1 -17 10
1 -17 11
1 -17 12
1 -17 13
1 -17 14
1 -17 15
1 -17 16
1 -17 17
1 -17 18
1 -17 19
1 -17 20
1 -17 21
1 -17 22
1 -17 23
1 -17 24
1 -17 25
1 -17 26
1 -16 -26
1 -16 26
1 -15 -26
1 -15 26
1 -14 -26
1 -14 26
1 -13 -26
1 -13 26
1 -12 -26
1 -12 26
1 -11 -26
1 -11 26
1 -10 -26
1 -10 26
1 -9 -26
1 -9 26
1 -8 -26
1 -8 26
1 -7 -26
1 -7 26
1 -6 -26
1 -6 26
1 -5 -26
1 -5 26
1 -4 -26
1 -4 26
1 -3 -26
1 -3 26
1 -2 -26
1 -2 26
1 -1 -26
1 -1 26
1 0 -26
1 0 26
1 1 -26
1 1 26
1 2 -26
1 2 26
1 3 -26
1 3 26
1 4 -26
1 4 26
1 5 -26
1 5 26
1 6 -26
1 6 26
1 7 -26
1 7 26
1 8 -26
1 8 26
1 9 -26
1 9 26
1 10 -26
1 10 26
1 11 -26
1 11 26
1 12 -26
1 12 26
1 13 -26
1 13 26
1 14 -26
1 14 26
1 15 -26
1 15 26
1 16 -26
1 16 26
1 17 -26
1 17 -25
1 17 -24
1 17 -23
1 17 -22
1 17 -21
1 17 -20
1 17 -19
1 17 -18
1 17 -17
1 17 -16
1 17 -15
1 17 -14
1 17 -13
1 17 -12
1 17 -11
1 17 -10
1 17 -9
1 17 -8
1 17 -7
1 17 -6
1 17 -5
1 17 -4
1 17 -3
1 17 -2
1 17 -1
1 17 0
1 17 1
1 17 2
1 17 3
1 17 4
1 17 5
1 17 6
1 17 7
1 17 8
1 17 9
1 17 10
1 17 11
1 17 12
1 17 13
1 17 14
1 17 15
1 17 16
1 17 17
1 17 18
1 17 19
1 17 20
1 17 21
1 17 22
1 17 23
1 17 24
1 17 25
1 17 26
2 -17 -26
2 -17 -25
2 -17 -24
2 -17 -23
2 -17 -22
2 -17 -21
2 -17 -20
2 -17 -19
2 -17 -18
2 -17 -17
2 -17 -16
2 -17 -15
2 -17 -14
2 -17 -13
2 -17 -12
2 -17 -11
2 -17 -10
2 -17 -9
2 -17 -8
2 -17 -7
2 -17 -6
2 -17 -5
2 -17 -4
2 -17 -3
2 -17 -2
2 -17 -1
2 -17 0
2 -17 1
2 -17 2
2 -17 3
2 -17 4
2 -17 5
2 -17 6
2 -17 7
2 -17 8
2 -17 9
2 -17 10
2 -17 11
2 -17 12
2 -17 13
2 -17 14
2 -17 15
2 -17 16
2 -17 17
2 -17 18
2 -17 19
2 -17 20
2 -17 21
2 -17 22
2 -17 23
2 -17 24
2 -17 25
2 -17 26
2 -16 -26
2 -16 26
2 -15 -26
2 -15 26
2 -14 -26
2 -14 26
2 -13 -26
2 -13 26
2 -12 -26
2 -12 26
2 -11 -26
2 -11 26
2 -10 -26
2 -10 26
2 -9 -26
2 -9 26
2 -8 -26
2 -8 26
2 -7 -26
2 -7 26
2 -6 -26
2 -6 26
2 -5 -26
2 -5 26
2 -4 -26
2 -4 26
2 -3 -26
2 -3 26
2 -2 -26
2 -2 26
2 -1 -26
2 -1 26
2 0 -26
2 0 26
2 1 -26
2 1 26
2 2 -26
2 2 26
2 3 -26
2 3 26
2 4 -26
2 4 26
2 5 -26
2 5 26
2 6 -26
2 6 26
2 7 -26
2 7 26
2 8 -26
2 8 26
2 9 -26
2 9 26
2 10 -26
2 10 26
2 11 -26
2 11 26
2 12 -26
2 12 26
2 13 -26
2 13 26
2 14 -26
2 14 26
2 15 -26
2 15 26
2 16 -26
2 16 26
2 17 -26
2 17 -25
2 17 -24
2 17 -23
2 17 -22
2 17 -21
2 17 -20
2 17 -19
2 17 -18
2 17 -17
2 17 -16
2 17 -15
2 17 -14
2 17 -13
2 17 -12
2 17 -11
2 17 -10
2 17 -9
2 17 -8
2 17 -7
2 17 -6
2 17 -5
2 17 -4
2 17 -3
2 17 -2
2 17 -1
2 17 0
2 17 1
2 17 2
2 17 3
2 17 4
2 17 5
2 17 6
2 17 7
2 17 8
2 17 9
2 17 10
2 17 11
2 17 12
2 17 13
2 17 14
2 17 15
2 17 16
2 17 17
2 17 18
2 17 19
2 17 20
2 17 21
2 17 22
2 17 23
2 17 24
2 17 25
2 17 26
3 -17 -26
3 -17 -25
3 -17 -24
3 -17 -23
3 -17 -22
3 -17 -21
3 -17 -20
3 -17 -19
3 -17 -18
3 -17 -17
3 -17 -16
3 -17 -15
3 -17 -14
3 -17 -13
3 -17 -12
3 -17 -11
3 -17 -10
3 -17 -9
3 -17 -8
3 -17 -7
3 -17 -6
3 -17 -5
3 -17 -4
3 -17 -3
3 -17 -2
3 -17 -1
3 -17 0
3 -17 1
3 -17 2
3 -17 3
3 -17 4
3 -17 5
3 -17 6
3 -17 7
3 -17 8
3 -17 9
3 -17 10
3 -17 11
3 -17 12
3 -17 13
3 -17 14
3 -17 15
3 -17 16
3 -17 17
3 -17 18
3 -17 19
3 -17 20
3 -17 21
3 -17 22
3 -17 23
3 -17 24
3 -17 25
3 -17 26
3 -16 -26
3 -16 26
3 -15 -26
3 -15 26
3 -14 -26
3 -14 26
3 -13 -26
3 -13 26
3 -12 -26
3 -12 26
3 -11 -26
3 -11 26
3 -10 -26
3 -10 26
3 -9 -26
3 -9 26
3 -8 -26
3 -8 26
3 -7 -26
3 -7 26
3 -6 -26
3 -6 26
3 -5 -26
3 -5 26
3 -4 -26
3 -4 26
3 -3 -26
3 -3 26
3 -2 -26
3 -2 26
3 -1 -26
3 -1 26
3 0 -26
3 0 26
3 1 -26
3 1 26
3 2 -26
3 2 26
3 3 -26
3 3 26
3 4 -26
3 4 26
3 5 -26
3 5 26
3 6 -26
3 6 26
3 7 -26
3 7 26
3 8 -26
3 8 26
3 9 -26
3 9 26
3 10 -26
3 10 26
3 11 -26
3 11 26
3 12 -26
3 12 26
3 13 -26
3 13 26
3 14 -26
3 14 26
3 15 -26
3 15 26
3 16 -26
3 16 26
3 17 -26
3 17 -25
3 17 -24
3 17 -23
3 17 -22
3 17 -21
3 17 -20
3 17 -19
3 17 -18
3 17 -17
3 17 -16
3 17 -15
3 17 -14
3 17 -13
3 17 -12
3 17 -11
3 17 -10
3 17 -9
3 17 -8
3 17 -7
3 17 -6
3 17 -5
3 17 -4
3 17 -3
3 17 -2
3 17 -1
3 17 0
3 17 1
3 17 2
3 17 3
3 17 4
3 17 5
3 17 6
3 17 7
3 17 8
3 17 9
3 17 10
3 17 11
3 17 12
3 17 13
3 17 14
3 17 15
3 17 16
3 17 17
3 17 18
3 17 19
3 17 20
3 17 21
3 17 22
3 17 23
3 17 24
3 17 25
3 17 26
4 -17 -26
4 -17 -25
4 -17 -24
4 -17 -23
4 -17 -22
4 -17 -21
4 -17 -20
4 -17 -19
4 -17 -18
4 -17 -17
4 -17 -16
4 -17 -15
4 -17 -14
4 -17 -13
4 -17 -12
4 -17 -11
4 -17 -10
4 -17 -9
4 -17 -8
4 -17 -7
4 -17 -6
4 -17 -5
4 -17 -4
4 -17 -3
4 -17 -2
4 -17 -1
4 -17 0
4 -17 1
4 -17 2
4 -17 3
4 -17 4
4 -17 5
4 -17 6
4 -17 7
4 -17 8
4 -17 9
4 -17 10
4 -17 11
4 -17 12
4 -17 13
4 -17 14
4 -17 15
4 -17 16
4 -17 17
4 -17 18
4 -17 19
4 -17 20
4 -17 21
4 -17 22
4 -17 23
4 -17 24
4 -17 25
4 -17 26
4 -16 -26
4 -16 26
4 -15 -26
4 -15 26
4 -14 -26
4 -14 26
4 -13 -26
4 -13 26
4 -12 -26
4 -12 26
4 -11 -26
4 -11 26
4 -10 -26
4 -10 26
4 -9 -26
4 -9 26
4 -8 -26
4 -8 26
4 -7 -26
4 -7 26
4 -6 -26
4 -6 26
4 -5 -26
4 -5 26
4 -4 -26
4 -4 26
4 -3 -26
4 -3 26
4 -2 -26
4 -2 26
4 -1 -26
4 -1 26
4 0 -26
4 0 26
4 1 -26
4 1 26
4 2 -26
4 2 26
4 3 -26
4 3 26
4 4 -26
4 4 26
4 5 -26
4 5 26
4 6 -26
4 6 26
4 7 -26
4 7 26
4 8 -26
4 8 26
4 9 -26
4 9 26
4 10 -26
4 10 26
4 11 -26
4 11 26
4 12 -26
4 12 26
4 13 -26
4 13 26
4 14 -26
4 14 26
4 15 -26
4 15 26
4 16 -26
4 16 26
4 17 -26
4 17 -25
4 17 -24
4 17 -23
4 17 -22
4 17 -21
4 17 -20
4 17 -19
4 17 -18
4 17 -17
4 17 -16
4 17 -15
4 17 -14
4 17 -13
4 17 -12
4 17 -11
4 17 -10
4 17 -9
4 17 -8
4 17 -7
4 17 -6
4 17 -5
4 17 -4
4 17 -3
4 17 -2
4 17 -1
4 17 0
4 17 1
4 17 2
4 17 3
4 17 4
4 17 5
4 17 6
4 17 7
4 17 8
4 17 9
4 17 10
4 17 11
4 17 12
4 17 13
4 17 14
4 17 15
4 17 16
4 17 17
4 17 18
4 17 19
4 17 20
4 17 21
4 17 22
4 17 23
4 17 24
4 17 25
4 17 26
5 -17 -26
5 -17 -25
5 -17 -24
5 -17 -23
5 -17 -22
5 -17 -21
5 -17 -20
5 -17 -19
5 -17 -18
5 -17 -17
5 -17 -16
5 -17 -15
5 -17 -14
5 -17 -13
5 -17 -12
5 -17 -11
5 -17 -10
5 -17 -9
5 -17 -8
5 -17 -7
5 -17 -6
5 -17 -5
5 -17 -4
5 -17 -3
5 -17 -2
5 -17 -1
5 -17 0
5 -17 1
5 -17 2
5 -17 3
5 -17 4
5 -17 5
5 -17 6
5 -17 7
5 -17 8
5 -17 9
5 -17 10
5 -17 11
5 -17 12
5 -17 13
5 -17 14
5 -17 15
5 -17 16
5 -17 17
5 -17 18
5 -17 19
5 -17 20
5 -17 21
5 -17 22
5 -17 23
5 -17 24
5 -17 25
5 -17 26
5 -16 -26
5 -16 26
5 -15 -26
5 -15 26
5 -14 -26
5 -14 26
5 -13 -26
5 -13 26
5 -12 -26
5 -12 26
5 -11 -26
5 -11 26
5 -10 -26
5 -10 26
5 -9 -26
5 -9 26
5 -8 -26
5 -8 26
5 -7 -26
5 -7 26
5 -6 -26
5 -6 26
5 -5 -26
5 -5 26
5 -4 -26
5 -4 26
5 -3 -26
5 -3 26
5 -2 -26
5 -2 26
5 -1 -26
5 -1 26
5 0 -26
5 0 26
5 1 -26
5 1 26
5 2 -26
5 2 26
5 3 -26
5 3 26
5 4 -26
5 4 26
5 5 -26
5 5 26
5 6 -26
5 6 26
5 7 -26
5 7 26
5 8 -26
5 8 26
5 9 -26
5 9 26
5 10 -26
5 10 26
5 11 -26
5 11 26
5 12 -26
5 12 26
5 13 -26
5 13 26
5 14 -26
5 14 26
5 15 -26
5 15 26
5 16 -26
5 16 26
5 17 -26
5 17 -25
5 17 -24
5 17 -23
5 17 -22
5 17 -21
5 17 -20
5 17 -19
5 17 -18
5 17 -17
5 17 -16
5 17 -15
5 17 -14
5 17 -13
5 17 -12
5 17 -11
5 17 -10
5 17 -9
5 17 -8
5 17 -7
5 17 -6
5 17 -5
5 17 -4
5 17 -3
5 17 -2
5 17 -1
5 17 0
5 17 1
5 17 2
5 17 3
5 17 4
5 17 5
5 17 6
5 17 7
5 17 8
5 17 9
5 17 10
5 17 11
5 17 12
5 17 13
5 17 14
5 17 15
5 17 16
5 17 17
5 17 18
5 17 19
5 17 20
5 17 21
5 17 22
5 17 23
5 17 24
5 17 25
5 17 26
6 -17 -26
6 -17 -25
6 -17 -24
6 -17 -23
6 -17 -22
6 -17 -21
6 -17 -20
6 -17 -19
6 -17 -18
6 -17 -17
6 -17 -16
6 -17 -15
6 -17 -14
6 -17 -13
6 -17 -12
6 -17 -11
6 -17 -10
6 -17 -9
6 -17 -8
6 -17 -7
6 -17 -6
6 -17 -5
6 -17 -4
6 -17 -3
6 -17 -2
6 -17 -1
6 -17 0
6 -17 1
6 -17 2
6 -17 3
6 -17 4
6 -17 5
6 -17 6
6 -17 7
6 -17 8
6 -17 9
6 -17 10
6 -17 11
6 -17 12
6 -17 13
6 -17 14
6 -17 15
6 -17 16
6 -17 17
6 -17 18
6 -17 19
6 -17 20
6 -17 21
6 -17 22
6 -17 23
6 -17 24
6 -17 25
6 -17 26
6 -16 -26
6 -16 26
6 -15 -26
6 -15 26
6 -14 -26
6 -14 26
6 -13 -26
6 -13 26
6 -12 -26
6 -12 26
6 -11 -26
6 -11 26
6 -10 -26
6 -10 26
6 -9 -26
6 -9 26
6 -8 -26
6 -8 26
6 -7 -26
6 -7 26
6 -6 -26
6 -6 26
6 -5 -26
6 -5 26
6 -4 -26
6 -4 26
6 -3 -26
6 -3 26
6 -2 -26
6 -2 26
6 -1 -26
6 -1 26
6 0 -26
6 0 26
6 1 -26
6 1 26
6 2 -26
6 2 26
6 3 -26
6 3 26
6 4 -26
6 4 26
6 5 -26
6 5 26
6 6 -26
6 6 26
6 7 -26
6 7 26
6 8 -26
6 8 26
6 9 -26
6 9 26
6 10 -26
6 10 26
6 11 -26
6 11 26
6 12 -26
6 12 26
6 13 -26
6 13 26
6 14 -26
6 14 26
6 15 -26
6 15 26
6 16 -26
6 16 26
6 17 -26
6 17 -25
6 17 -24
6 17 -23
6 17 -22
6 17 -21
6 17 -20
6 17 -19
6 17 -18
6 17 -17
6 17 -16
6 17 -15
6 17 -14
6 17 -13
6 17 -12
6 17 -11
6 17 -10
6 17 -9
6 17 -8
6 17 -7
6 17 -6
6 17 -5
6 17 -4
6 17 -3
6 17 -2
6 17 -1
6 17 0
6 17 1
6 17 2
6 17 3
6 17 4
6 17 5
6 17 6
6 17 7
6 17 8
6 17 9
6 17 10
6 17 11
6 17 12
6 17 13
6 17 14
6 17 15
6 17 16
6 17 17
6 17 18
6 17 19
6 17 20
6 17 21
6 17 22
6 17 23
6 17 24
6 17 25
6 17 26
7 -17 -26
7 -17 -25
7 -17 -24
7 -17 -23
7 -17 -22
7 -17 -21
7 -17 -20
7 -17 -19
7 -17 -18
7 -17 -17
7 -17 -16
7 -17 -15
7 -17 -14
7 -17 -13
7 -17 -12
7 -17 -11
7 -17 -10
7 -17 -9
7 -17 -8
7 -17 -7
7 -17 -6
7 -17 -5
7 -17 -4
7 -17 -3
7 -17 -2
7 -17 -1
7 -17 0
7 -17 1
7 -17 2
7 -17 3
7 -17 4
7 -17 5
7 -17 6
7 -17 7
7 -17 8
7 -17 9
7 -17 10
7 -17 11
7 -17 12
7 -17 13
7 -17 14
7 -17 15
7 -17 16
7 -17 17
7 -17 18
7 -17 19
7 -17 20
7 -17 21
7 -17 22
7 -17 23
7 -17 24
7 -17 25
7 -17 26
7 -16 -26
7 -16 26
7 -15 -26
7 -15 26
7 -14 -26
7 -14 26
7 -13 -26
7 -13 26
7 -12 -26
7 -12 26
7 -11 -26
7 -11 26
7 -10 -26
7 -10 26
7 -9 -26
7 -9 26
7 -8 -26
7 -8 26
7 -7 -26
7 -7 26
7 -6 -26
7 -6 26
7 -5 -26
7 -5 26
7 -4 -26
7 -4 26
7 -3 -26
7 -3 26
7 -2 -26
7 -2 26
7 -1 -26
7 -1 26
7 0 -26
7 0 26
7 1 -26
7 1 26
7 2 -26
7 2 26
7 3 -26
7 3 26
7 4 -26
7 4 26
7 5 -26
7 5 26
7 6 -26
7 6 26
7 7 -26
7 7 26
7 8 -26
7 8 26
7 9 -26
7 9 26
7 10 -26
7 10 26
7 11 -26
7 11 26
7 12 -26
7 12 26
7 13 -26
7 13 26
7 14 -26
7 14 26
7 15 -26
7 15 26
7 16 -26
7 16 26
7 17 -26
7 17 -25
7 17 -24
7 17 -23
7 17 -22
7 17 -21
7 17 -20
7 17 -19
7 17 -18
7 17 -17
7 17 -16
7 17 -15
7 17 -14
7 17 -13
7 17 -12
7 17 -11
7 17 -10
7 17 -9
7 17 -8
7 17 -7
7 17 -6
7 17 -5
7 17 -4
7 17 -3
7 17 -2
7 17 -1
7 17 0
7 17 1
7 17 2
7 17 3
7 17 4
7 17 5
7 17 6
7 17 7
7 17 8
7 17 9
7 17 10
7 17 11
7 17 12
7 17 13
7 17 14
7 17 15
7 17 16
7 17 17
7 17 18
7 17 19
7 17 20
7 17 21
7 17 22
7 17 23
7 17 24
7 17 25
7 17 26
8 -17 -26
8 -17 -25
8 -17 -24
8 -17 -23
8 -17 -22
8 -17 -21
8 -17 -20
8 -17 -19
8 -17 -18
8 -17 -17
8 -17 -16
8 -17 -15
8 -17 -14
8 -17 -13
8 -17 -12
8 -17 -11
8 -17 -10
8 -17 -9
8 -17 -8
8 -17 -7
8 -17 -6
8 -17 -5
8 -17 -4
8 -17 -3
8 -17 -2
8 -17 -1
8 -17 0
8 -17 1
8 -17 2
8 -17 3
8 -17 4
8 -17 5
8 -17 6
8 -17 7
8 -17 8
8 -17 9
8 -17 10
8 -17 11
8 -17 12
8 -17 13
8 -17 14
8 -17 15
8 -17 16
8 -17 17
8 -17 18
8 -17 19
8 -17 20
8 -17 21
8 -17 22
8 -17 23
8 -17 24
8 -17 25
8 -17 26
8 -16 -26
8 -16 -25
8 -16 -24
8 -16 -23
8 -16 -22
8 -16 -21
8 -16 -20
8 -16 -19
8 -16 -18
8 -16 -17
8 -16 -16
8 -16 -15
8 -16 -14
8 -16 -13
8 -16 -12
8 -16 -11
8 -16 -10
8 -16 -9
8 -16 -8
8 -16 -7
8 -16 -6
8 -16 -5
8 -16 -4
8 -16 -3
8 -16 -2
8 -16 -1
8 -16 0
8 -16 1
8 -16 2
8 -16 3
8 -16 4
8 -16 5
8 -16 6
8 -16 7
8 -16 8
8 -16 9
8 -16 10
8 -16 11
8 -16 12
8 -16 13
8 -16 14
8 -16 15
8 -16 16
8 -16 17
8 -16 18
8 -16 19
8 -16 20
8 -16 21
8 -16 22
8 -16 23
8 -16 24
8 -16 25
8 -16 26
8 -15 -26
8 -15 -25
8 -15 -24
8 -15 -23
8 -15 -22
8 -15 -21
8 -15 -20
8 -15 -19
8 -15 -18
8 -15 -17
8 -15 -16
8 -15 -15
8 -15 -14
8 -15 -13
8 -15 -12
8 -15 -11
8 -15 -10
8 -15 -9
8 -15 -8
8 -15 -7
8 -15 -6
8 -15 -5
8 -15 -4
8 -15 -3
8 -15 -2
8 -15 -1
8 -15 0
8 -15 1
8 -15 2
8 -15 3
8 -15 4
8 -15 5
8 -15 6
8 -15 7
8 -15 8
8 -15 9
8 -15 10
8 -15 11
8 -15 12
8 -15 13
8 -15 14
8 -15 15
8 -15 16
8 -15 17
8 -15 18
8 -15 19
8 -15 20
8 -15 21
8 -15 22
8 -15 23
8 -15 24
8 -15 25
8 -15 26
8 -14 -26
8 -14 -25
8 -14 -24
8 -14 -23
8 -14 -22
8 -14 -21
8 -14 -20
8 -14 -19
8 -14 -18
8 -14 -17
8 -14 -16
8 -14 -15
8 -14 -14
8 -14 -13
8 -14 -12
8 -14 -11
8 -14 -10
8 -14 -9
8 -14 -8
8 -14 -7
8 -14 -6
8 -14 -5
8 -14 -4
8 -14 -3
8 -14 -2
8 -14 -1
8 -14 0
8 -14 1
8 -14 2
8 -14 3
8 -14 4
8 -14 5
8 -14 6
8 -14 7
8 -14 8
8 -14 9
8 -14 10
8 -14 11
8 -14 12
8 -14 13
8 -14 14
8 -14 15
8 -14 16
8 -14 17
8 -14 18
8 -14 19
8 -14 20
8 -14 21
8 -14 22
8 -14 23
8 -14 24
8 -14 25
8 -14 26
8 -13 -26
8 -13 -25
8 -13 -24
8 -13 -23
8 -13 -22
8 -13 -21
8 -13 -20
8 -13 -19
8 -13 -18
8 -13 -17
8 -13 -16
8 -13 -15
8 -13 -14
8 -13 -13
8 -13 -12
8 -13 -11
8 -13 -10
8 -13 -9
8 -13 -8
8 -13 -7
8 -13 -6
8 -13 -5
8 -13 -4
8 -13 -3
8 -13 -2
8 -13 -1
8 -13 0
8 -13 1
8 -13 2
8 -13 3
8 -13 4
8 -13 5
8 -13 6
8 -13 7
8 -13 8
8 -13 9
8 -13 10
8 -13 11
8 -13 12
8 -13 13
8 -13 14
8 -13 15
8 -13 16
8 -13 17
8 -13 18
8 -13 19
8 -13 20
8 -13 21
8 -13 22
8 -13 23
8 -13 24
8 -13 25
8 -13 26
8 -12 -26
8 -12 -25
8 -12 -24
8 -12 -23
8 -12 -22
8 -12 -21
8 -12 -20
8 -12 -19
8 -12 -18
8 -12 -17
8 -12 -16
8 -12 -15
8 -12 -14
8 -12 -13
8 -12 -12
8 -12 -11
8 -12 -10
8 -12 -9
8 -12 -8
8 -12 -7
8 -12 -6
8 -12 -5
8 -12 -4
8 -12 -3
8 -12 -2
8 -12 -1
8 -12 0
8 -12 1
8 -12 2
8 -12 3
8 -12 4
8 -12 5
8 -12 6
8 -12 7
8 -12 8
8 -12 9
8 -12 10
8 -12 11
8 -12 12
8 -12 13
8 -12 14
8 -12 15
8 -12 16
8 -12 17
8 -12 18
8 -12 19
8 -12 20
8 -12 21
8 -12 22
8 -12 23
8 -12 24
8 -12 25
8 -12 26
8 -11 -26
8 -11 -25
8 -11 -24
8 -11 -23
8 -11 -22
8 -11 -21
8 -11 -20
8 -11 -19
8 -11 -18
8 -11 -17
8 -11 -16
8 -11 -15
8 -11 -14
8 -11 -13
8 -11 -12
8 -11 -11
8 -11 -10
8 -11 -9
8 -11 -8
8 -11 -7
8 -11 -6
8 -11 -5
8 -11 -4
8 -11 -3
8 -11 -2
8 -11 -1
8 -11 0
8 -11 1
8 -11 2
8 -11 3
8 -11 4
8 -11 5
8 -11 6
8 -11 7
8 -11 8
8 -11 9
8 -11 10
8 -11 11
8 -11 12
8 -11 13
8 -11 14
8 -11 15
8 -11 16
8 -11 17
8 -11 18
8 -11 19
8 -11 20
8 -11 21
8 -11 22
8 -11 23
8 -11 24
8 -11 25
8 -11 26
8 -10 -26
8 -10 -25
8 -10 -24
8 -10 -23
8 -10 -22
8 -10 -21
8 -10 -20
8 -10 -19
8 -10 -18
8 -10 -17
8 -10 -16
8 -10 -15
8 -10 -14
8 -10 -13
8 -10 -12
8 -10 -11
8 -10 -10
8 -10 -9
8 -10 -8
8 -10 -7
8 -10 -6
8 -10 -5
8 -10 -4
8 -10 -3
8 -10 -2
8 -10 -1
8 -10 0
8 -10 1
8 -10 2
8 -10 3
8 -10 4
8 -10 5
8 -10 6
8 -10 7
8 -10 8
8 -10 9
8 -10 10
8 -10 11
8 -10 12
8 -10 13
8 -10 14
8 -10 15
8 -10 16
8 -10 17
8 -10 18
8 -10 19
8 -10 20
8 -10 21
8 -10 22
8 -10 23
8 -10 24
8 -10 25
8 -10 26
8 -9 -26
8 -9 -25
8 -9 -24
8 -9 -23
8 -9 -22
8 -9 -21
8 -9 -20
8 -9 -19
8 -9 -18
8 -9 -17
8 -9 -16
8 -9 -15
8 -9 -14
8 -9 -13
8 -9 -12
8 -9 -11
8 -9 -10
8 -9 -9
8 -9 -8
8 -9 -7
8 -9 -6
8 -9 -5
8 -9 -4
8 -9 -3
8 -9 -2
8 -9 -1
8 -9 0
8 -9 1
8 -9 2
8 -9 3
8 -9 4
8 -9 5
8 -9 6
8 -9 7
8 -9 8
8 -9 9
8 -9 10
8 -9 11
8 -9 12
8 -9 13
8 -9 14
8 -9 15
8 -9 16
8 -9 17
8 -9 18
8 -9 19
8 -9 20
8 -9 21
8 -9 22
8 -9 23
8 -9 24
8 -9 25
8 -9 26
8 -8 -26
8 -8 -25
8 -8 -24
8 -8 -23
8 -8 -22
8 -8 -21
8 -8 -20
8 -8 -19
8 -8 -18
8 -8 -17
8 -8 -16
8 -8 -15
8 -8 -14
8 -8 -13
8 -8 -12
8 -8 -11
8 -8 -10
8 -8 -9
8 -8 -8
8 -8 -7
8 -8 -6
8 -8 -5
8 -8 -4
8 -8 -3
8 -8 -2
8 -8 -1
8 -8 0
8 -8 1
8 -8 2
8 -8 3
8 -8 4
8 -8 5
8 -8 6
8 -8 7
8 -8 8
8 -8 9
8 -8 10
8 -8 11
8 -8 12
8 -8 13
8 -8 14
8 -8 15
8 -8 16
8 -8 17
8 -8 18
8 -8 19
8 -8 20
8 -8 21
8 -8 22
8 -8 23
8 -8 24
8 -8 25
8 -8 26
8 -7 -26
8 -7 -25
8 -7 -24
8 -7 -23
8 -7 -22
8 -7 -21
8 -7 -20
8 -7 -19
8 -7 -18
8 -7 -17
8 -7 -16
8 -7 -15
8 -7 -14
8 -7 -13
8 -7 -12
8 -7 -11
8 -7 -10
8 -7 -9
8 -7 -8
8 -7 -7
8 -7 -6
8 -7 -5
8 -7 -4
8 -7 -3
8 -7 -2
8 -7 -1
8 -7 0
8 -7 1
8 -7 2
8 -7 3
8 -7 4
8 -7 5
8 -7 6
8 -7 7
8 -7 8
8 -7 9
8 -7 10
8 -7 11
8 -7 12
8 -7 13
8 -7 14
8 -7 15
8 -7 16
8 -7 17
8 -7 18
8 -7 19
8 -7 20
8 -7 21
8 -7 22
8 -7 23
8 -7 24
8 -7 25
8 -7 26
8 -6 -26
8 -6 -25
8 -6 -24
8 -6 -23
8 -6 -22
8 -6 -21
8 -6 -20
8 -6 -19
8 -6 -18
8 -6 -17
8 -6 -16
8 -6 -15
8 -6 -14
8 -6 -13
8 -6 -12
8 -6 -11
8 -6 -10
8 -6 -9
8 -6 -8
8 -6 -7
8 -6 -6
8 -6 -5
8 -6 -4
8 -6 -3
8 -6 -2
8 -6 -1
8 -6 0
8 -6 1
8 -6 2
8 -6 3
8 -6 4
8 -6 5
8 -6 6
8 -6 7
8 -6 8
8 -6 9
8 -6 10
8 -6 11
8 -6 12
8 -6 13
8 -6 14
8 -6 15
8 -6 16
8 -6 17
8 -6 18
8 -6 19
8 -6 20
8 -6 21
8 -6 22
8 -6 23
8 -6 24
8 -6 25
8 -6 26
8 -5 -26
8 -5 -25
8 -5 -24
8 -5 -23
8 -5 -22
8 -5 -21
8 -5 -20
8 -5 -19
8 -5 -18
8 -5 -17
8 -5 -16
8 -5 -15
8 -5 -14
8 -5 -13
8 -5 -12
8 -5 -11
8 -5 -10
8 -5 -9
8 -5 -8
8 -5 -7
8 -5 -6
8 -5 -5
8 -5 -4
8 -5 -3
8 -5 -2
8 -5 -1
8 -5 0
8 -5 1
8 -5 2
8 -5 3
8 -5 4
8 -5 5
8 -5 6
8 -5 7
8 -5 8
8 -5 9
8 -5 10
8 -5 11
8 -5 12
8 -5 13
8 -5 14
8 -5 15
8 -5 16
8 -5 17
8 -5 18
8 -5 19
8 -5 20
8 -5 21
8 -5 22
8 -5 23
8 -5 24
8 -5 25
8 -5 26
8 -4 -26
8 -4 -25
8 -4 -24
8 -4 -23
8 -4 -22
8 -4 -21
8 -4 -20
8 -4 -19
8 -4 -18
8 -4 -17
8 -4 -16
8 -4 -15
8 -4 -14
8 -4 -13
8 -4 -12
8 -4 -11
8 -4 -10
8 -4 -9
8 -4 -8
8 -4 -7
8 -4 -6
8 -4 -5
8 -4 -4
8 -4 -3
8 -4 -2
8 -4 -1
8 -4 0
8 -4 1
8 -4 2
8 -4 3
8 -4 4
8 -4 5
8 -4 6
8 -4 7
8 -4 8
8 -4 9
8 -4 10
8 -4 11
8 -4 12
8 -4 13
8 -4 14
8 -4 15
8 -4 16
8 -4 17
8 -4 18
8 -4 19
8 -4 20
8 -4 21
8 -4 22
8 -4 23
8 -4 24
8 -4 25
8 -4 26
8 -3 -26
8 -3 -25
8 -3 -24
8 -3 -23
8 -3 -22
8 -3 -21
8 -3 -20
8 -3 -19
8 -3 -18
8 -3 -17
8 -3 -16
8 -3 -15
8 -3 -14
8 -3 -13
8 -3 -12
8 -3 -11
8 -3 -10
8 -3 -9
8 -3 -8
8 -3 -7
8 -3 -6
8 -3 -5
8 -3 -4
8 -3 -3
8 -3 -2
8 -3 -1
8 -3 0
8 -3 1
8 -3 2
8 -3 3
8 -3 4
8 -3 5
8 -3 6
8 -3 7
8 -3 8
8 -3 9
8 -3 10
8 -3 11
8 -3 12
8 -3 13
8 -3 14
8 -3 15
8 -3 16
8 -3 17
8 -3 18
8 -3 19
8 -3 20
8 -3 21
8 -3 22
8 -3 23
8 -3 24
8 -3 25
8 -3 26
8 -2 -26
8 -2 -25
8 -2 -24
8 -2 -23
8 -2 -22
8 -2 -21
8 -2 -20
8 -2 -19
8 -2 -18
8 -2 -17
8 -2 -16
8 -2 -15
8 -2 -14
8 -2 -13
8 -2 -12
8 -2 -11
8 -2 -10
8 -2 -9
8 -2 -8
8 -2 -7
8 -2 -6
8 -2 -5
8 -2 -4
8 -2 -3
8 -2 -2
8 -2 -1
8 -2 0
8 -2 1
8 -2 2
8 -2 3
8 -2 4
8 -2 5
8 -2 6
8 -2 7
8 -2 8
8 -2 9
8 -2 10
8 -2 11
8 -2 12
8 -2 13
8 -2 14
8 -2 15
8 -2 16
8 -2 17
8 -2 18
8 -2 19
8 -2 20
8 -2 21
8 -2 22
8 -2 23
8 -2 24
8 -2 25
8 -2 26
8 -1 -26
8 -1 -25
8 -1 -24
8 -1 -23
8 -1 -22
8 -1 -21
8 -1 -20
8 -1 -19
8 -1 -18
8 -1 -17
8 -1 -16
8 -1 -15
8 -1 -14
8 -1 -13
8 -1 -12
8 -1 -11
8 -1 -10
8 -1 -9
8 -1 -8
8 -1 -7
8 -1 -6
8 -1 -5
8 -1 -4
8 -1 -3
8 -1 -2
8 -1 -1
8 -1 0
8 -1 1
8 -1 2
8 -1 3
8 -1 4
8 -1 5
8 -1 6
8 -1 7
8 -1 8
8 -1 9
8 -1 10
8 -1 11
8 -1 12
8 -1 13
8 -1 14
8 -1 15
8 -1 16
8 -1 17
8 -1 18
8 -1 19
8 -1 20
8 -1 21
8 -1 22
8 -1 23
8 -1 24
8 -1 25
8 -1 26
8 0 -26
8 0 -25
8 0 -24
8 0 -23
8 0 -22
8 0 -21
8 0 -20
8 0 -19
8 0 -18
8 0 -17
8 0 -16
8 0 -15
8 0 -14
8 0 -13
8 0 -12
8 0 -11
8 0 -10
8 0 -9
8 0 -8
8 0 -7
8 0 -6
8 0 -5
8 0 -4
8 0 -3
8 0 -2
8 0 -1
8 0 0
8 0 1
8 0 2
8 0 3
8 0 4
8 0 5
8 0 6
8 0 7
8 0 8
8 0 9
8 0 10
8 0 11
8 0 12
8 0 13
8 0 14
8 0 15
8 0 16
8 0 17
8 0 18
8 0 19
8 0 20
8 0 21
8 0 22
8 0 23
8 0 24
8 0 25
8 0 26
8 1 -26
8 1 -25
8 1 -24
8 1 -23
8 1 -22
8 1 -21
8 1 -20
8 1 -19
8 1 -18
8 1 -17
8 1 -16
8 1 -15
8 1 -14
8 1 -13
8 1 -12
8 1 -11
8 1 -10
8 1 -9
8 1 -8
8 1 -7
8 1 -6
8 1 -5
8 1 -4
8 1 -3
8 1 -2
8 1 -1
8 1 0
8 1 1
8 1 2
8 1 3
8 1 4
8 1 5
8 1 6
8 1 7
8 1 8
8 1 9
8 1 10
8 1 11
8 1 12
8 1 13
8 1 14
8 1 15
8 1 16
8 1 17
8 1 18
8 1 19
8 1 20
8 1 21
8 1 22
8 1 23
8 1 24
8 1 25
8 1 26
8 2 -26
8 2 -25
8 2 -24
8 2 -23
8 2 -22
8 2 -21
8 2 -20
8 2 -19
8 2 -18
8 2 -17
8 2 -16
8 2 -15
8 2 -14
8 2 -13
8 2 -12
8 2 -11
8 2 -10
8 2 -9
8 2 -8
8 2 -7
8 2 -6
8 2 -5
8 2 -4
8 2 -3
8 2 -2
8 2 -1
8 2 0
8 2 1
8 2 2
8 2 3
8 2 4
8 2 5
8 2 6
8 2 7
8 2 8
8 2 9
8 2 10
8 2 11
8 2 12
8 2 13
8 2 14
8 2 15
8 2 16
8 2 17
8 2 18
8 2 19
8 2 20
8 2 21
8 2 22
8 2 23
8 2 24
8 2 25
8 2 26
8 3 -26
8 3 -25
8 3 -24
8 3 -23
8 3 -22
8 3 -21
8 3 -20
8 3 -19
8 3 -18
8 3 -17
8 3 -16
8 3 -15
8 3 -14
8 3 -13
8 3 -12
8 3 -11
8 3 -10
8 3 -9
8 3 -8
8 3 -7
8 3 -6
8 3 -5
8 3 -4
8 3 -3
8 3 -2
8 3 -1
8 3 0
8 3 1
8 3 2
8 3 3
8 3 4
8 3 5
8 3 6
8 3 7
8 3 8
8 3 9
8 3 10
8 3 11
8 3 12
8 3 13
8 3 14
8 3 15
8 3 16
8 3 17
8 3 18
8 3 19
8 3 20
8 3 21
8 3 22
8 3 23
8 3 24
8 3 25
8 3 26
8 4 -26
8 4 -25
8 4 -24
8 4 -23
8 4 -22
8 4 -21
8 4 -20
8 4 -19
8 4 -18
8 4 -17
8 4 -16
8 4 -15
8 4 -14
8 4 -13
8 4 -12
8 4 -11
8 4 -10
8 4 -9
8 4 -8
8 4 -7
8 4 -6
8 4 -5
8 4 -4
8 4 -3
8 4 -2
8 4 -1
8 4 0
8 4 1
8 4 2
8 4 3
8 4 4
8 4 5
8 4 6
8 4 7
8 4 8
8 4 9
8 4 10
8 4 11
8 4 12
8 4 13
8 4 14
8 4 15
8 4 16
8 4 17
8 4 18
8 4 19
8 4 20
8 4 21
8 4 22
8 4 23
8 4 24
8 4 25
8 4 26
8 5 -26
8 5 -25
8 5 -24
8 5 -23
8 5 -22
8 5 -21
8 5 -20
8 5 -19
8 5 -18
8 5 -17
8 5 -16
8 5 -15
8 5 -14
8 5 -13
8 5 -12
8 5 -11
8 5 -10
8 5 -9
8 5 -8
8 5 -7
8 5 -6
8 5 -5
8 5 -4
8 5 -3
8 5 -2
8 5 -1
8 5 0
8 5 1
8 5 2
8 5 3
8 5 4
8 5 5
8 5 6
8 5 7
8 5 8
8 5 9
8 5 10
8 5 11
8 5 12
8 5 13
8 5 14
8 5 15
8 5 16
8 5 17
8 5 18
8 5 19
8 5 20
8 5 21
8 5 22
8 5 23
8 5 24
8 5 25
8 5 26
8 6 -26
8 6 -25
8 6 -24
8 6 -23
8 6 -22
8 6 -21
8 6 -20
8 6 -19
8 6 -18
8 6 -17
8 6 -16
8 6 -15
8 6 -14
8 6 -13
8 6 -12
8 6 -11
8 6 -10
8 6 -9
8 6 -8
8 6 -7
8 6 -6
8 6 -5
8 6 -4
8 6 -3
8 6 -2
8 6 -1
8 6 0
8 6 1
8 6 2
8 6 3
8 6 4
8 6 5
8 6 6
8 6 7
8 6 8
8 6 9
8 6 10
8 6 11
8 6 12
8 6 13
8 6 14
8 6 15
8 6 16
8 6 17
8 6 18
8 6 19
8 6 20
8 6 21
8 6 22
8 6 23
8 6 24
8 6 25
8 6 26
8 7 -26
8 7 -25
8 7 -24
8 7 -23
8 7 -22
8 7 -21
8 7 -20
8 7 -19
8 7 -18
8 7 -17
8 7 -16
8 7 -15
8 7 -14
8 7 -13
8 7 -12
8 7 -11
8 7 -10
8 7 -9
8 7 -8
8 7 -7
8 7 -6
8 7 -5
8 7 -4
8 7 -3
8 7 -2
8 7 -1
8 7 0
8 7 1
8 7 2
8 7 3
8 7 4
8 7 5
8 7 6
8 7 7
8 7 8
8 7 9
8 7 10
8 7 11
8 7 12
8 7 13
8 7 14
8 7 15
8 7 16
8 7 17
8 7 18
8 7 19
8 7 20
8 7 21
8 7 22
8 7 23
8 7 24
8 7 25
8 7 26
8 8 -26
8 8 -25
8 8 -24
8 8 -23
8 8 -22
8 8 -21
8 8 -20
8 8 -19
8 8 -18
8 8 -17
8 8 -16
8 8 -15
8 8 -14
8 8 -13
8 8 -12
8 8 -11
8 8 -10
8 8 -9
8 8 -8
8 8 -7
8 8 -6
8 8 -5
8 8 -4
8 8 -3
8 8 -2
8 8 -1
8 8 0
8 8 1
8 8 2
8 8 3
8 8 4
8 8 5
8 8 6
8 8 7
8 8 8
8 8 9
8 8 10
8 8 11
8 8 12
8 8 13
8 8 14
8 8 15
8 8 16
8 8 17
8 8 18
8 8 19
8 8 20
8 8 21
8 8 22
8 8 23
8 8 24
8 8 25
8 8 26
8 9 -26
8 9 -25
8 9 -24
8 9 -23
8 9 -22
8 9 -21
8 9 -20
8 9 -19
8 9 -18
8 9 -17
8 9 -16
8 9 -15
8 9 -14
8 9 -13
8 9 -12
8 9 -11
8 9 -10
8 9 -9
8 9 -8
8 9 -7
8 9 -6
8 9 -5
8 9 -4
8 9 -3
8 9 -2
8 9 -1
8 9 0
8 9 1
8 9 2
8 9 3
8 9 4
8 9 5
8 9 6
8 9 7
8 9 8
8 9 9
8 9 10
8 9 11
8 9 12
8 9 13
8 9 14
8 9 15
8 9 16
8 9 17
8 9 18
8 9 19
8 9 20
8 9 21
8 9 22
8 9 23
8 9 24
8 9 25
8 9 26
8 10 -26
8 10 -25
8 10 -24
8 10 -23
8 10 -22
8 10 -21
8 10 -20
8 10 -19
8 10 -18
8 10 -17
8 10 -16
8 10 -15
8 10 -14
8 10 -13
8 10 -12
8 10 -11
8 10 -10
8 10 -9
8 10 -8
8 10 -7
8 10 -6
8 10 -5
8 10 -4
8 10 -3
8 10 -2
8 10 -1
8 10 0
8 10 1
8 10 2
8 10 3
8 10 4
8 10 5
8 10 6
8 10 7
8 10 8
8 10 9
8 10 10
8 10 11
8 10 12
8 10 13
8 10 14
8 10 15
8 10 16
8 10 17
8 10 18
8 10 19
8 10 20
8 10 21
8 10 22
8 10 23
8 10 24
8 10 25
8 10 26
8 11 -26
8 11 -25
8 11 -24
8 11 -23
8 11 -22
8 11 -21
8 11 -20
8 11 -19
8 11 -18
8 11 -17
8 11 -16
8 11 -15
8 11 -14
8 11 -13
8 11 -12
8 11 -11
8 11 -10
8 11 -9
8 11 -8
8 11 -7
8 11 -6
8 11 -5
8 11 -4
8 11 -3
8 11 -2
8 11 -1
8 11 0
8 11 1
8 11 2
8 11 3
8 11 4
8 11 5
8 11 6
8 11 7
8 11 8
8 11 9
8 11 10
8 11 11
8 11 12
8 11 13
8 11 14
8 11 15
8 11 16
8 11 17
8 11 18
8 11 19
8 11 20
8 11 21
8 11 22
8 11 23
8 11 24
8 11 25
8 11 26
8 12 -26
8 12 -25
8 12 -24
8 12 -23
8 12 -22
8 12 -21
8 12 -20
8 12 -19
8 12 -18
8 12 -17
8 12 -16
8 12 -15
8 12 -14
8 12 -13
8 12 -12
8 12 -11
8 12 -10
8 12 -9
8 12 -8
8 12 -7
8 12 -6
8 12 -5
8 12 -4
8 12 -3
8 12 -2
8 12 -1
8 12 0
8 12 1
8 12 2
8 12 3
8 12 4
8 12 5
8 12 6
8 12 7
8 12 8
8 12 9
8 12 10
8 12 11
8 12 12
8 12 13
8 12 14
8 12 15
8 12 16
8 12 17
8 12 18
8 12 19
8 12 20
8 12 21
8 12 22
8 12 23
8 12 24
8 12 25
8 12 26
8 13 -26
8 13 -25
8 13 -24
8 13 -23
8 13 -22
8 13 -21
8 13 -20
8 13 -19
8 13 -18
8 13 -17
8 13 -16
8 13 -15
8 13 -14
8 13 -13
8 13 -12
8 13 -11
8 13 -10
8 13 -9
8 13 -8
8 13 -7
8 13 -6
8 13 -5
8 13 -4
8 13 -3
8 13 -2
8 13 -1
8 13 0
8 13 1
8 13 2
8 13 3
8 13 4
8 13 5
8 13 6
8 13 7
8 13 8
8 13 9
8 13 10
8 13 11
8 13 12
8 13 13
8 13 14
8 13 15
8 13 16
8 13 17
8 13 18
8 13 19
8 13 20
8 13 21
8 13 22
8 13 23
8 13 24
8 13 25
8 13 26
8 14 -26
8 14 -25
8 14 -24
8 14 -23
8 14 -22
8 14 -21
8 14 -20
8 14 -19
8 14 -18
8 14 -17
8 14 -16
8 14 -15
8 14 -14
8 14 -13
8 14 -12
8 14 -11
8 14 -10
8 14 -9
8 14 -8
8 14 -7
8 14 -6
8 14 -5
8 14 -4
8 14 -3
8 14 -2
8 14 -1
8 14 0
8 14 1
8 14 2
8 14 3
8 14 4
8 14 5
8 14 6
8 14 7
8 14 8
8 14 9
8 14 10
8 14 11
8 14 12
8 14 13
8 14 14
8 14 15
8 14 16
8 14 17
8 14 18
8 14 19
8 14 20
8 14 21
8 14 22
8 14 23
8 14 24
8 14 25
8 14 26
8 15 -26
8 15 -25
8 15 -24
8 15 -23
8 15 -22
8 15 -21
8 15 -20
8 15 -19
8 15 -18
8 15 -17
8 15 -16
8 15 -15
8 15 -14
8 15 -13
8 15 -12
8 15 -11
8 15 -10
8 15 -9
8 15 -8
8 15 -7
8 15 -6
8 15 -5
8 15 -4
8 15 -3
8 15 -2
8 15 -1
8 15 0
8 15 1
8 15 2
8 15 3
8 15 4
8 15 5
8 15 6
8 15 7
8 15 8
8 15 9
8 15 10
8 15 11
8 15 12
8 15 13
8 15 14
8 15 15
8 15 16
8 15 17
8 15 18
8 15 19
8 15 20
8 15 21
8 15 22
8 15 23
8 15 24
8 15 25
8 15 26
8 16 -26
8 16 -25
8 16 -24
8 16 -23
8 16 -22
8 16 -21
8 16 -20
8 16 -19
8 16 -18
8 16 -17
8 16 -16
8 16 -15
8 16 -14
8 16 -13
8 16 -12
8 16 -11
8 16 -10
8 16 -9
8 16 -8
8 16 -7
8 16 -6
8 16 -5
8 16 -4
8 16 -3
8 16 -2
8 16 -1
8 16 0
8 16 1
8 16 2
8 16 3
8 16 4
8 16 5
8 16 6
8 16 7
8 16 8
8 16 9
8 16 10
8 16 11
8 16 12
8 16 13
8 16 14
8 16 15
8 16 16
8 16 17
8 16 18
8 16 19
8 16 20
8 16 21
8 16 22
8 16 23
8 16 24
8 16 25
8 16 26
8 17 -26
8 17 -25
8 17 -24
8 17 -23
8 17 -22
8 17 -21
8 17 -20
8 17 -19
8 17 -18
8 17 -17
8 17 -16
8 17 -15
8 17 -14
8 17 -13
8 17 -12
8 17 -11
8 17 -10
8 17 -9
8 17 -8
8 17 -7
8 17 -6
8 17 -5
8 17 -4
8 17 -3
8 17 -2
8 17 -1
8 17 0
8 17 1
8 17 2
8 17 3
8 17 4
8 17 5
8 17 6
8 17 7
8 17 8
8 17 9
8 17 10
8 17 11
8 17 12
8 17 13
8 17 14
8 17 15
8 17 16
8 17 17
8 17 18
8 17 19
8 17 20
8 17 21
8 17 22
8 17 23
8 17 24
8 17 25
8 17 26
