21 70
21 71
21 72
21 73
21 74
22 67
22 68
22 69
22 75
22 76
22 77
23 64
23 65
23 66
23 78
23 79
23 80
24 62
24 63
24 81
24 82
24 83
25 59
25 60
25 61
25 84
25 85
26 56
26 57
26 58
26 86
26 87
26 88
27 53
27 54
27 55
27 89
27 90
27 91
28 51
28 52
28 92
28 93
28 94
29 48
29 49
29 50
29 95
29 96
30 45
30 46
30 47
30 97
30 98
30 99
31 42
31 43
31 44
31 100
31 101
31 102
32 40
32 41
32 103
32 104
32 105
33 39
33 106
34 38
34 106
35 37
35 107
36 37
36 107
37 36
37 108
38 36
38 108
39 35
39 109
40 35
40 110
41 34
41 110
42 33
42 111
43 33
43 111
44 32
44 112
45 32
45 112
46 31
46 113
47 31
47 114
48 30
48 114
49 29
49 115
50 29
50 115
51 28
51 116
52 28
52 117
53 27
53 117
54 27
54 118
55 26
55 118
56 25
56 119
57 25
57 119
58 24
58 120
59 24
59 121
60 23
60 121
61 22
61 122
62 22
62 122
63 21
63 123
64 21
64 123
65 22
65 123
66 22
66 122
67 22
67 122
68 22
68 122
69 22
69 122
70 23
70 122
71 23
71 122
72 23
72 121
73 23
73 121
74 23
74 121
75 23
75 121
76 24
76 121
77 24
77 120
78 24
78 120
79 24
79 120
80 24
80 120
81 24
81 120
82 25
82 120
83 25
83 119
84 25
84 119
85 25
85 119
86 25
86 119
87 26
87 119
88 26
88 119
89 26
89 118
90 26
90 118
91 26
91 118
92 26
92 118
93 27
93 118
94 27
94 117
95 27
95 117
96 27
96 117
97 27
97 117
98 27
98 117
99 28
99 29
99 116
100 30
100 114
100 115
101 31
101 113
102 32
102 112
103 33
103 111
104 34
104 35
104 110
105 36
105 108
105 109
106 37
106 107
107 38
107 106
108 39
108 105
109 40
109 41
109 104
110 42
110 102
110 103
111 43
111 101
112 44
112 100
113 45
113 99
114 46
114 47
114 98
115 48
115 96
115 97
116 49
116 95
117 50
117 94
118 51
118 93
119 52
119 53
119 92
120 54
120 91
121 55
121 56
121 57
121 58
121 59
121 60
121 61
121 62
121 63
121 64
121 65
121 66
121 67
121 68
121 69
121 70
121 71
121 72
121 73
121 74
121 75
121 76
121 77
121 78
121 79
121 80
121 81
121 82
121 83
121 84
121 85
121 86
121 87
121 88
121 89
121 90
