21 71
21 72
21 73
21 74
21 75
22 68
22 69
22 70
22 76
22 77
23 66
23 67
23 78
23 79
24 64
24 65
24 80
24 81
24 82
25 61
25 62
25 63
25 83
25 84
26 59
26 60
26 85
26 86
26 87
27 56
27 57
27 58
27 88
27 89
28 54
28 55
28 90
28 91
28 92
29 51
29 52
29 53
29 93
29 94
30 49
30 50
30 95
30 96
31 47
31 48
31 97
31 98
31 99
32 44
32 45
32 46
32 100
32 101
33 42
33 43
33 102
33 103
33 104
34 39
34 40
34 41
34 105
34 106
35 37
35 38
35 107
35 108
36 36
36 109
36 110
37 35
37 110
38 35
38 111
39 34
39 111
40 34
40 111
41 34
41 112
42 33
42 112
43 33
43 113
44 32
44 113
45 32
45 113
46 32
46 114
47 31
47 114
48 31
48 115
49 30
49 115
50 30
50 115
51 29
51 116
52 29
52 116
53 29
53 117
54 28
54 117
55 28
55 118
56 27
56 118
57 27
57 118
58 27
58 119
59 26
59 119
60 26
60 120
61 25
61 120
62 25
62 120
63 25
63 121
64 24
64 121
65 24
65 122
66 23
66 122
67 23
67 123
68 22
68 123
69 22
69 123
70 22
70 124
71 21
71 124
72 21
72 125
73 21
73 125
74 21
74 124
75 21
75 124
76 22
76 124
77 22
77 123
78 23
78 123
79 23
79 122
80 24
80 122
81 24
81 121
82 24
82 121
83 25
83 121
84 25
84 120
85 26
85 120
86 26
86 119
87 26
87 119
88 27
88 119
89 27
89 118
90 28
90 118
91 28
91 117
92 28
92 117
93 29
93 116
94 29
94 116
95 30
95 116
96 30
96 115
97 31
97 115
98 31
98 114
99 31
99 114
100 32
100 114
101 32
101 113
102 33
102 113
103 33
103 112
104 33
104 112
105 34
105 112
106 34
106 111
107 35
107 111
108 35
108 110
109 36
109 110
110 36
110 37
110 108
110 109
111 38
111 39
111 40
111 106
111 107
112 41
112 42
112 103
112 104
112 105
113 43
113 44
113 45
113 101
113 102
114 46
114 47
114 98
114 99
114 100
115 48
115 49
115 50
115 96
115 97
116 51
116 52
116 93
116 94
116 95
117 53
117 54
117 91
117 92
118 55
118 56
118 57
118 89
118 90
119 58
119 59
119 86
119 87
119 88
120 60
120 61
120 62
120 84
120 85
121 63
121 64
121 81
121 82
121 83
122 65
122 66
122 79
122 80
123 67
123 68
123 69
123 77
123 78
124 70
124 71
124 74
124 75
124 76
125 72
125 73
