1 88
1 89
2 87
2 90
3 86
3 91
4 85
4 92
5 84
5 93
6 83
6 94
7 82
7 95
8 81
8 96
9 80
9 97
10 79
10 98
11 78
11 99
12 77
12 100
13 76
13 101
14 75
14 102
15 74
15 103
16 73
16 104
17 72
17 105
18 71
18 106
19 70
19 107
20 69
20 108
21 68
21 109
22 67
22 110
23 66
23 111
24 65
24 112
25 64
25 113
26 63
26 114
27 62
27 115
28 61
28 116
29 60
29 117
30 59
30 118
31 58
31 119
32 57
32 120
33 56
33 121
34 55
34 122
35 54
35 123
36 53
36 124
37 52
37 125
38 51
38 126
39 50
39 127
40 49
40 128
41 48
41 129
42 47
42 130
43 46
43 131
44 45
44 132
45 44
45 133
46 43
46 134
47 42
47 135
48 41
48 136
49 40
49 137
50 39
50 138
51 38
51 139
52 37
52 140
53 36
53 141
54 35
54 142
55 34
55 143
56 33
56 144
57 32
57 145
58 31
58 146
59 30
59 147
60 29
60 148
61 28
61 149
62 27
62 150
63 27
63 150
64 28
64 149
65 29
65 148
66 30
66 147
67 31
67 146
68 32
68 145
69 33
69 144
70 34
70 143
71 35
71 142
72 36
72 141
73 37
73 140
74 38
74 139
75 39
75 138
76 40
76 137
77 41
77 136
78 42
78 135
79 43
79 134
80 44
80 133
81 45
81 132
82 46
82 131
83 47
83 130
84 48
84 129
85 49
85 128
86 50
86 127
87 51
87 126
88 52
88 125
89 53
89 124
90 54
90 123
91 55
91 122
92 56
92 121
93 57
93 120
94 58
94 119
95 59
95 118
96 60
96 117
97 61
97 116
98 62
98 115
99 63
99 114
100 64
100 113
101 65
101 112
102 66
102 111
103 67
103 110
104 68
104 109
105 69
105 108
106 70
106 107
107 71
107 106
108 72
108 105
109 73
109 104
110 74
110 103
111 75
111 102
112 76
112 101
113 77
113 100
114 78
114 99
115 79
115 98
116 80
116 97
117 81
117 96
118 82
118 95
119 83
119 94
120 84
120 93
121 85
121 92
122 86
122 91
123 87
123 90
124 88
124 89
