0 0
1 0
1 1
2 0
2 2
2 3
3 0
3 4
3 5
4 0
4 6
5 0
5 7
5 8
6 0
6 9
6 10
7 0
7 11
7 12
8 0
8 13
9 0
9 14
9 15
10 0
10 16
10 17
11 0
11 18
11 19
12 0
12 20
13 0
13 21
13 22
14 0
14 23
14 24
15 0
15 25
16 0
16 26
16 27
17 0
17 28
17 29
18 0
18 30
18 31
19 0
19 32
20 0
20 33
20 34
21 0
21 35
21 36
22 0
22 37
22 38
23 0
23 39
24 0
24 40
24 41
25 0
25 42
25 43
26 0
26 44
26 45
27 0
27 46
28 0
28 47
28 48
29 0
29 49
29 50
30 0
30 51
31 0
31 52
31 53
32 0
32 54
32 55
33 0
33 56
33 57
34 0
34 58
35 0
35 59
35 60
36 0
36 61
36 62
37 0
37 63
37 64
38 0
38 65
39 0
39 66
39 67
40 0
40 68
40 69
41 0
41 70
41 71
42 0
42 72
43 0
43 73
43 74
44 0
44 75
44 76
45 0
45 77
46 0
46 78
46 79
47 0
47 80
47 81
48 0
48 82
48 83
49 0
49 84
50 0
50 85
50 86
51 0
51 87
51 88
52 0
52 89
52 90
53 0
53 91
54 0
54 92
54 93
55 0
55 94
55 95
56 0
56 96
57 0
57 97
57 98
58 0
58 99
58 100
59 0
59 101
59 102
60 0
60 103
61 0
61 104
61 105
62 0
62 106
62 107
63 0
63 108
63 109
64 0
64 110
65 0
65 111
65 112
66 0
66 113
66 114
67 0
67 115
67 116
68 0
68 114
68 115
69 0
69 113
70 0
70 111
70 112
71 0
71 109
71 110
72 0
72 107
72 108
73 0
73 106
74 0
74 104
74 105
75 0
75 102
75 103
76 0
76 100
76 101
77 0
77 99
78 0
78 97
78 98
79 0
79 95
79 96
80 0
80 93
80 94
81 0
81 92
82 0
82 90
82 91
83 0
83 88
83 89
84 0
84 87
85 0
85 85
85 86
86 0
86 83
86 84
87 0
87 81
87 82
88 0
88 80
89 0
89 78
89 79
90 0
90 76
90 77
91 0
91 74
91 75
92 0
92 73
93 0
93 71
93 72
94 0
94 69
94 70
95 0
95 67
95 68
96 0
96 66
97 0
97 64
97 65
98 0
98 62
98 63
99 0
99 61
100 0
100 59
100 60
101 0
101 57
101 58
102 0
102 55
102 56
103 0
103 54
104 0
104 52
104 53
105 0
105 50
105 51
106 0
106 48
106 49
107 0
107 47
108 0
108 45
108 46
109 0
109 43
109 44
110 0
110 42
111 0
111 40
111 41
112 0
112 38
112 39
113 0
113 36
113 37
114 0
114 35
115 0
115 33
115 34
116 0
116 31
116 32
117 0
117 29
117 30
118 0
118 28
119 0
119 26
119 27
120 0
120 24
120 25
121 0
121 22
121 23
122 0
122 21
123 0
123 19
123 20
124 0
124 17
124 18
125 0
125 16
126 0
126 14
126 15
127 0
127 12
127 13
128 0
128 10
128 11
129 0
129 9
130 0
130 7
130 8
131 0
131 5
131 6
132 0
132 3
132 4
133 0
133 2
134 0
134 1
