21 67
21 68
21 69
21 70
21 71
21 72
21 73
21 74
21 75
22 62
22 63
22 64
22 65
22 66
22 76
22 77
22 78
22 79
22 80
23 57
23 58
23 59
23 60
23 61
23 81
23 82
23 83
23 84
24 52
24 53
24 54
24 55
24 56
24 85
24 86
24 87
24 88
24 89
25 50
25 51
25 90
25 91
25 92
26 48
26 49
26 93
27 47
27 94
28 46
28 95
28 96
29 44
29 45
29 97
30 43
30 98
30 99
31 42
31 100
32 40
32 41
32 101
33 39
33 102
33 103
34 37
34 38
34 104
35 36
35 105
36 35
36 106
36 107
37 33
37 34
37 108
38 33
38 109
39 32
39 109
40 32
40 110
41 31
41 110
42 31
42 111
43 30
43 112
44 29
44 112
45 29
45 113
46 28
46 113
47 28
47 114
48 27
48 114
49 26
49 115
50 26
50 116
51 25
51 116
52 25
52 117
53 24
53 117
54 24
54 118
55 23
55 118
56 23
56 119
57 23
57 119
58 23
58 119
59 23
59 119
60 22
60 119
61 22
61 119
62 22
62 119
63 22
63 119
64 22
64 119
65 22
65 120
66 22
66 120
67 22
67 120
68 22
68 120
69 22
69 120
70 21
70 120
71 21
71 120
72 21
72 120
73 21
73 120
74 21
74 120
75 21
75 121
76 21
76 121
77 21
77 120
78 21
78 120
79 22
79 120
80 22
80 119
81 22
81 119
82 23
82 119
83 23
83 118
84 23
84 118
85 24
85 118
86 24
86 117
87 24
87 117
88 25
88 117
89 25
89 116
90 25
90 116
91 26
91 116
92 26
92 116
93 26
93 115
94 27
94 115
95 27
95 115
96 27
96 114
97 28
97 113
98 29
98 112
99 30
99 112
100 31
100 111
101 32
101 110
102 33
102 109
103 34
103 108
104 34
104 107
105 35
105 106
106 36
106 105
107 37
107 104
108 38
108 103
109 39
109 103
110 40
110 102
111 41
111 101
112 42
112 43
112 98
112 99
112 100
113 44
113 45
113 96
113 97
114 46
114 47
114 48
114 94
114 95
115 49
115 50
115 92
115 93
116 51
116 52
116 89
116 90
116 91
117 53
117 54
117 87
117 88
118 55
118 56
118 57
118 85
118 86
119 58
119 59
119 83
119 84
120 60
120 61
120 62
120 63
120 64
120 65
120 66
120 67
120 68
120 69
120 70
120 71
120 72
120 73
120 74
120 75
120 76
120 77
120 78
120 79
120 80
120 81
120 82
