0 0
1 0
1 1
1 2
1 3
2 0
2 4
2 5
2 6
2 7
3 0
3 8
3 9
3 10
3 11
4 0
4 12
4 13
4 14
5 0
5 15
5 16
5 17
5 18
6 0
6 19
6 20
6 21
6 22
7 0
7 23
7 24
7 25
7 26
8 0
8 27
8 28
8 29
9 0
9 30
9 31
9 32
9 33
10 0
10 34
10 35
10 36
10 37
11 0
11 38
11 39
11 40
11 41
12 0
12 42
12 43
12 44
13 0
13 45
13 46
13 47
13 48
14 0
14 49
14 50
14 51
14 52
15 0
15 53
15 54
15 55
16 0
16 56
16 57
16 58
16 59
17 0
17 60
17 61
17 62
17 63
18 0
18 64
18 65
18 66
18 67
19 0
19 68
19 69
19 70
20 0
20 71
20 72
20 73
20 74
21 0
21 75
21 76
21 77
21 78
22 0
22 79
22 80
22 81
22 82
23 0
23 83
23 84
23 85
24 0
24 86
24 87
24 88
24 89
25 0
25 90
25 91
25 92
25 93
26 0
26 94
26 95
26 96
26 97
27 0
27 98
27 99
27 100
28 0
28 101
28 102
28 103
28 104
29 0
29 105
29 106
29 107
29 108
30 0
30 109
30 110
30 111
31 0
31 112
31 113
31 114
31 115
32 0
32 116
32 117
32 118
32 119
33 0
33 120
33 121
33 122
33 123
34 0
34 124
34 125
34 126
35 0
35 127
35 128
35 129
35 130
36 0
36 131
36 132
36 133
36 134
37 0
37 135
37 136
37 137
37 138
38 0
38 139
38 140
38 141
39 0
39 142
39 143
39 144
39 145
40 0
40 146
40 147
40 148
40 149
41 0
41 150
41 151
41 152
41 153
42 0
42 154
42 155
42 156
43 0
43 157
43 158
43 159
43 160
44 0
44 161
44 162
44 163
44 164
45 0
45 165
45 166
45 167
46 0
46 168
46 169
46 170
47 0
47 164
47 165
47 166
47 167
48 0
48 160
48 161
48 162
48 163
49 0
49 156
49 157
49 158
49 159
50 0
50 153
50 154
50 155
51 0
51 149
51 150
51 151
51 152
52 0
52 145
52 146
52 147
52 148
53 0
53 141
53 142
53 143
53 144
54 0
54 138
54 139
54 140
55 0
55 134
55 135
55 136
55 137
56 0
56 130
56 131
56 132
56 133
57 0
57 126
57 127
57 128
57 129
58 0
58 123
58 124
58 125
59 0
59 119
59 120
59 121
59 122
60 0
60 115
60 116
60 117
60 118
61 0
61 112
61 113
61 114
62 0
62 108
62 109
62 110
62 111
63 0
63 104
63 105
63 106
63 107
64 0
64 100
64 101
64 102
64 103
65 0
65 97
65 98
65 99
66 0
66 93
66 94
66 95
66 96
67 0
67 89
67 90
67 91
67 92
68 0
68 85
68 86
68 87
68 88
69 0
69 82
69 83
69 84
70 0
70 78
70 79
70 80
70 81
71 0
71 74
71 75
71 76
71 77
72 0
72 70
72 71
72 72
72 73
73 0
73 67
73 68
73 69
74 0
74 63
74 64
74 65
74 66
75 0
75 59
75 60
75 61
75 62
76 0
76 56
76 57
76 58
77 0
77 52
77 53
77 54
77 55
78 0
78 48
78 49
78 50
78 51
79 0
79 44
79 45
79 46
79 47
80 0
80 41
80 42
80 43
81 0
81 37
81 38
81 39
81 40
82 0
82 33
82 34
82 35
82 36
83 0
83 29
83 30
83 31
83 32
84 0
84 26
84 27
84 28
85 0
85 22
85 23
85 24
85 25
86 0
86 18
86 19
86 20
86 21
87 0
87 14
87 15
87 16
87 17
88 0
88 11
88 12
88 13
89 0
89 7
89 8
89 9
89 10
90 0
90 3
90 4
90 5
90 6
91 0
91 1
91 2
