0 0
0 1
0 2
0 3
0 4
0 5
0 6
0 7
0 8
0 9
0 10
0 11
0 12
0 13
0 14
0 15
0 16
0 17
0 18
0 19
0 20
0 21
0 22
0 23
0 24
0 25
0 26
0 27
0 28
0 29
0 30
0 31
0 32
0 33
0 34
0 35
0 36
0 37
0 38
0 39
0 40
0 41
0 42
0 43
0 44
0 45
0 46
0 47
0 48
0 49
0 50
0 51
0 52
0 53
0 54
0 55
0 56
0 57
0 58
0 59
0 60
0 61
0 62
0 63
0 64
0 65
0 66
0 67
0 68
0 69
0 70
0 71
0 72
0 73
0 74
0 75
0 76
0 77
0 78
0 79
0 80
0 81
0 82
0 83
0 84
0 85
0 86
0 87
0 88
0 89
0 90
0 91
0 92
0 93
0 94
0 95
0 96
0 97
0 98
0 99
0 100
0 101
0 102
0 103
0 104
0 105
0 106
0 107
0 108
0 109
0 110
0 111
0 112
0 113
0 114
0 115
0 116
0 117
0 118
1 1
1 117
2 2
2 116
3 3
3 115
4 4
4 114
5 5
5 113
6 6
6 112
7 7
7 111
8 8
8 110
9 9
9 109
10 10
10 108
11 11
11 107
12 12
12 106
13 13
13 105
14 14
14 104
15 15
15 103
16 16
16 102
17 17
17 101
18 18
18 100
19 19
19 99
20 20
20 98
21 21
21 97
22 22
22 96
23 23
23 95
24 24
24 94
25 25
25 93
26 26
26 92
27 27
27 91
28 28
28 90
29 29
29 89
30 30
30 88
31 31
31 87
32 32
32 86
33 33
33 85
34 34
34 84
35 35
35 83
36 36
36 82
37 37
37 81
38 38
38 80
39 39
39 79
40 40
40 78
41 41
41 77
42 42
42 76
43 43
43 75
44 44
44 74
45 45
45 73
46 46
46 72
47 47
47 71
48 48
48 70
49 49
49 69
50 50
50 68
51 51
51 67
52 52
52 66
53 53
53 66
54 53
54 66
55 53
55 66
56 53
56 66
57 53
57 66
58 53
58 66
59 53
59 66
60 53
60 66
61 53
61 66
62 53
62 66
63 53
63 66
64 53
64 66
65 53
65 66
66 53
66 66
67 53
67 66
68 53
68 66
69 53
69 66
70 53
70 66
71 53
71 66
72 53
72 66
73 53
73 66
74 53
74 66
75 53
75 66
76 53
76 66
77 53
77 66
78 53
78 66
79 53
79 66
80 53
80 66
81 53
81 66
82 53
82 66
83 53
83 66
84 53
84 66
85 53
85 66
86 53
86 66
87 53
87 66
88 53
88 66
89 53
89 66
90 53
90 66
91 53
91 66
92 53
92 66
93 53
93 66
94 53
94 66
95 53
95 66
96 53
96 66
97 53
97 66
98 53
98 66
99 53
99 66
100 53
100 66
101 53
101 66
102 53
102 66
103 53
103 66
104 53
104 66
105 53
105 66
106 53
106 66
107 53
107 66
108 53
108 66
109 53
109 66
110 53
110 66
111 53
111 66
112 53
112 66
113 53
113 66
114 53
114 66
115 53
115 66
116 53
116 66
117 53
117 66
118 53
118 66
119 53
119 66
120 52
120 67
121 51
121 68
122 50
122 69
123 49
123 70
124 48
124 71
125 47
125 72
126 46
126 73
127 45
127 74
128 44
128 75
129 43
129 76
130 42
130 77
131 41
131 78
132 40
132 79
133 39
133 80
134 38
134 81
135 37
135 82
136 36
136 83
137 35
137 84
138 34
138 85
139 33
139 86
140 32
140 87
141 31
141 88
142 30
142 89
143 29
143 90
144 28
144 91
145 27
145 92
146 26
146 93
147 25
147 94
148 24
148 95
149 23
149 96
150 22
150 97
151 21
151 98
152 20
152 99
153 19
153 100
154 18
154 101
155 17
155 102
156 16
156 103
157 15
157 104
158 14
158 105
159 13
159 106
160 12
160 107
161 11
161 108
162 10
162 109
163 9
163 110
164 8
164 111
165 7
165 112
166 6
166 113
167 5
167 114
168 4
168 115
169 3
169 116
170 2
170 117
171 1
171 2
171 3
171 4
171 5
171 6
171 7
171 8
171 9
171 10
171 11
171 12
171 13
171 14
171 15
171 16
171 17
171 18
171 19
171 20
171 21
171 22
171 23
171 24
171 25
171 26
171 27
171 28
171 29
171 30
171 31
171 32
171 33
171 34
171 35
171 36
171 37
171 38
171 39
171 40
171 41
171 42
171 43
171 44
171 45
171 46
171 47
171 48
171 49
171 50
171 51
171 52
171 53
171 54
171 55
171 56
171 57
171 58
171 59
171 60
171 61
171 62
171 63
171 64
171 65
171 66
171 67
171 68
171 69
171 70
171 71
171 72
171 73
171 74
171 75
171 76
171 77
171 78
171 79
171 80
171 81
171 82
171 83
171 84
171 85
171 86
171 87
171 88
171 89
171 90
171 91
171 92
171 93
171 94
171 95
171 96
171 97
171 98
171 99
171 100
171 101
171 102
171 103
171 104
171 105
171 106
171 107
171 108
171 109
171 110
171 111
171 112
171 113
171 114
171 115
171 116
171 117
171 118
