-20 0 0
-19 -6 -1
-19 -6 0
-19 -6 1
-19 -5 -3
-19 -5 -2
-19 -5 -1
-19 -5 0
-19 -5 1
-19 -5 2
-19 -5 3
-19 -4 -4
-19 -4 -3
-19 -4 -2
-19 -4 -1
-19 -4 0
-19 -4 1
-19 -4 2
-19 -4 3
-19 -4 4
-19 -3 -5
-19 -3 -4
-19 -3 -3
-19 -3 -2
-19 -3 -1
-19 -3 0
-19 -3 1
-19 -3 2
-19 -3 3
-19 -3 4
-19 -3 5
-19 -2 -5
-19 -2 -4
-19 -2 -3
-19 -2 -2
-19 -2 -1
-19 -2 0
-19 -2 1
-19 -2 2
-19 -2 3
-19 -2 4
-19 -2 5
-19 -1 -6
-19 -1 -5
-19 -1 -4
-19 -1 -3
-19 -1 -2
-19 -1 -1
-19 -1 0
-19 -1 1
-19 -1 2
-19 -1 3
-19 -1 4
-19 -1 5
-19 -1 6
-19 0 -6
-19 0 -5
-19 0 -4
-19 0 -3
-19 0 -2
-19 0 -1
-19 0 1
-19 0 2
-19 0 3
-19 0 4
-19 0 5
-19 0 6
-19 1 -6
-19 1 -5
-19 1 -4
-19 1 -3
-19 1 -2
-19 1 -1
-19 1 0
-19 1 1
-19 1 2
-19 1 3
-19 1 4
-19 1 5
-19 1 6
-19 2 -5
-19 2 -4
-19 2 -3
-19 2 -2
-19 2 -1
-19 2 0
-19 2 1
-19 2 2
-19 2 3
-19 2 4
-19 2 5
-19 3 -5
-19 3 -4
-19 3 -3
-19 3 -2
-19 3 -1
-19 3 0
-19 3 1
-19 3 2
-19 3 3
-19 3 4
-19 3 5
-19 4 -4
-19 4 -3
-19 4 -2
-19 4 -1
-19 4 0
-19 4 1
-19 4 2
-19 4 3
-19 4 4
-19 5 -3
-19 5 -2
-19 5 -1
-19 5 0
-19 5 1
-19 5 2
-19 5 3
-19 6 -1
-19 6 0
-19 6 1
-18 -8 -3
-18 -8 -2
-18 -8 -1
-18 -8 0
-18 -8 1
-18 -8 2
-18 -8 3
-18 -7 -5
-18 -7 -4
-18 -7 -3
-18 -7 -2
-18 -7 -1
-18 -7 0
-18 -7 1
-18 -7 2
-18 -7 3
-18 -7 4
-18 -7 5
-18 -6 -6
-18 -6 -5
-18 -6 -4
-18 -6 -3
-18 -6 -2
-18 -6 2
-18 -6 3
-18 -6 4
-18 -6 5
-18 -6 6
-18 -5 -7
-18 -5 -6
-18 -5 -5
-18 -5 -4
-18 -5 4
-18 -5 5
-18 -5 6
-18 -5 7
-18 -4 -7
-18 -4 -6
-18 -4 -5
-18 -4 5
-18 -4 6
-18 -4 7
-18 -3 -8
-18 -3 -7
-18 -3 -6
-18 -3 6
-18 -3 7
-18 -3 8
-18 -2 -8
-18 -2 -7
-18 -2 -6
-18 -2 6
-18 -2 7
-18 -2 8
-18 -1 -8
-18 -1 -7
-18 -1 7
-18 -1 8
-18 0 -8
-18 0 -7
-18 0 7
-18 0 8
-18 1 -8
-18 1 -7
-18 1 7
-18 1 8
-18 2 -8
-18 2 -7
-18 2 -6
-18 2 6
-18 2 7
-18 2 8
-18 3 -8
-18 3 -7
-18 3 -6
-18 3 6
-18 3 7
-18 3 8
-18 4 -7
-18 4 -6
-18 4 -5
-18 4 5
-18 4 6
-18 4 7
-18 5 -7
-18 5 -6
-18 5 -5
-18 5 -4
-18 5 4
-18 5 5
-18 5 6
-18 5 7
-18 6 -6
-18 6 -5
-18 6 -4
-18 6 -3
-18 6 -2
-18 6 2
-18 6 3
-18 6 4
-18 6 5
-18 6 6
-18 7 -5
-18 7 -4
-18 7 -3
-18 7 -2
-18 7 -1
-18 7 0
-18 7 1
-18 7 2
-18 7 3
-18 7 4
-18 7 5
-18 8 -3
-18 8 -2
-18 8 -1
-18 8 0
-18 8 1
-18 8 2
-18 8 3
-17 -10 -3
-17 -10 -2
-17 -10 -1
-17 -10 0
-17 -10 1
-17 -10 2
-17 -10 3
-17 -9 -5
-17 -9 -4
-17 -9 -3
-17 -9 -2
-17 -9 -1
-17 -9 0
-17 -9 1
-17 -9 2
-17 -9 3
-17 -9 4
-17 -9 5
-17 -8 -6
-17 -8 -5
-17 -8 -4
-17 -8 4
-17 -8 5
-17 -8 6
-17 -7 -7
-17 -7 -6
-17 -7 6
-17 -7 7
-17 -6 -8
-17 -6 -7
-17 -6 7
-17 -6 8
-17 -5 -9
-17 -5 -8
-17 -5 8
-17 -5 9
-17 -4 -9
-17 -4 -8
-17 -4 8
-17 -4 9
-17 -3 -10
-17 -3 -9
-17 -3 9
-17 -3 10
-17 -2 -10
-17 -2 -9
-17 -2 9
-17 -2 10
-17 -1 -10
-17 -1 -9
-17 -1 9
-17 -1 10
-17 0 -10
-17 0 -9
-17 0 9
-17 0 10
-17 1 -10
-17 1 -9
-17 1 9
-17 1 10
-17 2 -10
-17 2 -9
-17 2 9
-17 2 10
-17 3 -10
-17 3 -9
-17 3 9
-17 3 10
-17 4 -9
-17 4 -8
-17 4 8
-17 4 9
-17 5 -9
-17 5 -8
-17 5 8
-17 5 9
-17 6 -8
-17 6 -7
-17 6 7
-17 6 8
-17 7 -7
-17 7 -6
-17 7 6
-17 7 7
-17 8 -6
-17 8 -5
-17 8 -4
-17 8 4
-17 8 5
-17 8 6
-17 9 -5
-17 9 -4
-17 9 -3
-17 9 -2
-17 9 -1
-17 9 0
-17 9 1
-17 9 2
-17 9 3
-17 9 4
-17 9 5
-17 10 -3
-17 10 -2
-17 10 -1
-17 10 0
-17 10 1
-17 10 2
-17 10 3
-16 -12 0
-16 -11 -4
-16 -11 -3
-16 -11 -2
-16 -11 -1
-16 -11 0
-16 -11 1
-16 -11 2
-16 -11 3
-16 -11 4
-16 -10 -6
-16 -10 -5
-16 -10 -4
-16 -10 4
-16 -10 5
-16 -10 6
-16 -9 -7
-16 -9 -6
-16 -9 6
-16 -9 7
-16 -8 -8
-16 -8 -7
-16 -8 7
-16 -8 8
-16 -7 -9
-16 -7 -8
-16 -7 8
-16 -7 9
-16 -6 -10
-16 -6 -9
-16 -6 9
-16 -6 10
-16 -5 -10
-16 -5 10
-16 -4 -11
-16 -4 -10
-16 -4 10
-16 -4 11
-16 -3 -11
-16 -3 11
-16 -2 -11
-16 -2 11
-16 -1 -11
-16 -1 11
-16 0 -12
-16 0 -11
-16 0 11
-16 0 12
-16 1 -11
-16 1 11
-16 2 -11
-16 2 11
-16 3 -11
-16 3 11
-16 4 -11
-16 4 -10
-16 4 10
-16 4 11
-16 5 -10
-16 5 10
-16 6 -10
-16 6 -9
-16 6 9
-16 6 10
-16 7 -9
-16 7 -8
-16 7 8
-16 7 9
-16 8 -8
-16 8 -7
-16 8 7
-16 8 8
-16 9 -7
-16 9 -6
-16 9 6
-16 9 7
-16 10 -6
-16 10 -5
-16 10 -4
-16 10 4
-16 10 5
-16 10 6
-16 11 -4
-16 11 -3
-16 11 -2
-16 11 -1
-16 11 0
-16 11 1
-16 11 2
-16 11 3
-16 11 4
-16 12 0
-15 -13 -2
-15 -13 -1
-15 -13 0
-15 -13 1
-15 -13 2
-15 -12 -5
-15 -12 -4
-15 -12 -3
-15 -12 -2
-15 -12 -1
-15 -12 1
-15 -12 2
-15 -12 3
-15 -12 4
-15 -12 5
-15 -11 -7
-15 -11 -6
-15 -11 -5
-15 -11 5
-15 -11 6
-15 -11 7
-15 -10 -8
-15 -10 -7
-15 -10 7
-15 -10 8
-15 -9 -9
-15 -9 -8
-15 -9 8
-15 -9 9
-15 -8 -10
-15 -8 -9
-15 -8 9
-15 -8 10
-15 -7 -11
-15 -7 -10
-15 -7 10
-15 -7 11
-15 -6 -11
-15 -6 11
-15 -5 -12
-15 -5 -11
-15 -5 11
-15 -5 12
-15 -4 -12
-15 -4 12
-15 -3 -12
-15 -3 12
-15 -2 -13
-15 -2 -12
-15 -2 12
-15 -2 13
-15 -1 -13
-15 -1 -12
-15 -1 12
-15 -1 13
-15 0 -13
-15 0 13
-15 1 -13
-15 1 -12
-15 1 12
-15 1 13
-15 2 -13
-15 2 -12
-15 2 12
-15 2 13
-15 3 -12
-15 3 12
-15 4 -12
-15 4 12
-15 5 -12
-15 5 -11
-15 5 11
-15 5 12
-15 6 -11
-15 6 11
-15 7 -11
-15 7 -10
-15 7 10
-15 7 11
-15 8 -10
-15 8 -9
-15 8 9
-15 8 10
-15 9 -9
-15 9 -8
-15 9 8
-15 9 9
-15 10 -8
-15 10 -7
-15 10 7
-15 10 8
-15 11 -7
-15 11 -6
-15 11 -5
-15 11 5
-15 11 6
-15 11 7
-15 12 -5
-15 12 -4
-15 12 -3
-15 12 -2
-15 12 -1
-15 12 1
-15 12 2
-15 12 3
-15 12 4
-15 12 5
-15 13 -2
-15 13 -1
-15 13 0
-15 13 1
-15 13 2
-14 -14 -2
-14 -14 -1
-14 -14 0
-14 -14 1
-14 -14 2
-14 -13 -5
-14 -13 -4
-14 -13 -3
-14 -13 3
-14 -13 4
-14 -13 5
-14 -12 -7
-14 -12 -6
-14 -12 6
-14 -12 7
-14 -11 -9
-14 -11 -8
-14 -11 8
-14 -11 9
-14 -10 -10
-14 -10 -9
-14 -10 9
-14 -10 10
-14 -9 -11
-14 -9 -10
-14 -9 10
-14 -9 11
-14 -8 -11
-14 -8 11
-14 -7 -12
-14 -7 12
-14 -6 -12
-14 -6 12
-14 -5 -13
-14 -5 13
-14 -4 -13
-14 -4 13
-14 -3 -13
-14 -3 13
-14 -2 -14
-14 -2 14
-14 -1 -14
-14 -1 14
-14 0 -14
-14 0 14
-14 1 -14
-14 1 14
-14 2 -14
-14 2 14
-14 3 -13
-14 3 13
-14 4 -13
-14 4 13
-14 5 -13
-14 5 13
-14 6 -12
-14 6 12
-14 7 -12
-14 7 12
-14 8 -11
-14 8 11
-14 9 -11
-14 9 -10
-14 9 10
-14 9 11
-14 10 -10
-14 10 -9
-14 10 9
-14 10 10
-14 11 -9
-14 11 -8
-14 11 8
-14 11 9
-14 12 -7
-14 12 -6
-14 12 6
-14 12 7
-14 13 -5
-14 13 -4
-14 13 -3
-14 13 3
-14 13 4
-14 13 5
-14 14 -2
-14 14 -1
-14 14 0
-14 14 1
-14 14 2
-13 -15 -2
-13 -15 -1
-13 -15 0
-13 -15 1
-13 -15 2
-13 -14 -5
-13 -14 -4
-13 -14 -3
-13 -14 3
-13 -14 4
-13 -14 5
-13 -13 -7
-13 -13 -6
-13 -13 6
-13 -13 7
-13 -12 -9
-13 -12 -8
-13 -12 8
-13 -12 9
-13 -11 -10
-13 -11 10
-13 -10 -11
-13 -10 11
-13 -9 -12
-13 -9 12
-13 -8 -12
-13 -8 12
-13 -7 -13
-13 -7 13
-13 -6 -13
-13 -6 13
-13 -5 -14
-13 -5 14
-13 -4 -14
-13 -4 14
-13 -3 -14
-13 -3 14
-13 -2 -15
-13 -2 15
-13 -1 -15
-13 -1 15
-13 0 -15
-13 0 15
-13 1 -15
-13 1 15
-13 2 -15
-13 2 15
-13 3 -14
-13 3 14
-13 4 -14
-13 4 14
-13 5 -14
-13 5 14
-13 6 -13
-13 6 13
-13 7 -13
-13 7 13
-13 8 -12
-13 8 12
-13 9 -12
-13 9 12
-13 10 -11
-13 10 11
-13 11 -10
-13 11 10
-13 12 -9
-13 12 -8
-13 12 8
-13 12 9
-13 13 -7
-13 13 -6
-13 13 6
-13 13 7
-13 14 -5
-13 14 -4
-13 14 -3
-13 14 3
-13 14 4
-13 14 5
-13 15 -2
-13 15 -1
-13 15 0
-13 15 1
-13 15 2
-12 -16 0
-12 -15 -5
-12 -15 -4
-12 -15 -3
-12 -15 -2
-12 -15 -1
-12 -15 1
-12 -15 2
-12 -15 3
-12 -15 4
-12 -15 5
-12 -14 -7
-12 -14 -6
-12 -14 6
-12 -14 7
-12 -13 -9
-12 -13 -8
-12 -13 8
-12 -13 9
-12 -12 -10
-12 -12 10
-12 -11 -11
-12 -11 11
-12 -10 -12
-12 -10 12
-12 -9 -13
-12 -9 13
-12 -8 -13
-12 -8 13
-12 -7 -14
-12 -7 14
-12 -6 -14
-12 -6 14
-12 -5 -15
-12 -5 15
-12 -4 -15
-12 -4 15
-12 -3 -15
-12 -3 15
-12 -2 -15
-12 -2 15
-12 -1 -15
-12 -1 15
-12 0 -16
-12 0 16
-12 1 -15
-12 1 15
-12 2 -15
-12 2 15
-12 3 -15
-12 3 15
-12 4 -15
-12 4 15
-12 5 -15
-12 5 15
-12 6 -14
-12 6 14
-12 7 -14
-12 7 14
-12 8 -13
-12 8 13
-12 9 -13
-12 9 13
-12 10 -12
-12 10 12
-12 11 -11
-12 11 11
-12 12 -10
-12 12 10
-12 13 -9
-12 13 -8
-12 13 8
-12 13 9
-12 14 -7
-12 14 -6
-12 14 6
-12 14 7
-12 15 -5
-12 15 -4
-12 15 -3
-12 15 -2
-12 15 -1
-12 15 1
-12 15 2
-12 15 3
-12 15 4
-12 15 5
-12 16 0
-11 -16 -4
-11 -16 -3
-11 -16 -2
-11 -16 -1
-11 -16 0
-11 -16 1
-11 -16 2
-11 -16 3
-11 -16 4
-11 -15 -7
-11 -15 -6
-11 -15 -5
-11 -15 5
-11 -15 6
-11 -15 7
-11 -14 -9
-11 -14 -8
-11 -14 8
-11 -14 9
-11 -13 -10
-11 -13 10
-11 -12 -11
-11 -12 11
-11 -11 -12
-11 -11 12
-11 -10 -13
-11 -10 13
-11 -9 -14
-11 -9 14
-11 -8 -14
-11 -8 14
-11 -7 -15
-11 -7 15
-11 -6 -15
-11 -6 15
-11 -5 -15
-11 -5 15
-11 -4 -16
-11 -4 16
-11 -3 -16
-11 -3 16
-11 -2 -16
-11 -2 16
-11 -1 -16
-11 -1 16
-11 0 -16
-11 0 16
-11 1 -16
-11 1 16
-11 2 -16
-11 2 16
-11 3 -16
-11 3 16
-11 4 -16
-11 4 16
-11 5 -15
-11 5 15
-11 6 -15
-11 6 15
-11 7 -15
-11 7 15
-11 8 -14
-11 8 14
-11 9 -14
-11 9 14
-11 10 -13
-11 10 13
-11 11 -12
-11 11 12
-11 12 -11
-11 12 11
-11 13 -10
-11 13 10
-11 14 -9
-11 14 -8
-11 14 8
-11 14 9
-11 15 -7
-11 15 -6
-11 15 -5
-11 15 5
-11 15 6
-11 15 7
-11 16 -4
-11 16 -3
-11 16 -2
-11 16 -1
-11 16 0
-11 16 1
-11 16 2
-11 16 3
-11 16 4
-10 -17 -3
-10 -17 -2
-10 -17 -1
-10 -17 0
-10 -17 1
-10 -17 2
-10 -17 3
-10 -16 -6
-10 -16 -5
-10 -16 -4
-10 -16 4
-10 -16 5
-10 -16 6
-10 -15 -8
-10 -15 -7
-10 -15 7
-10 -15 8
-10 -14 -10
-10 -14 -9
-10 -14 9
-10 -14 10
-10 -13 -11
-10 -13 11
-10 -12 -12
-10 -12 12
-10 -11 -13
-10 -11 13
-10 -10 -14
-10 -10 14
-10 -9 -14
-10 -9 14
-10 -8 -15
-10 -8 15
-10 -7 -15
-10 -7 15
-10 -6 -16
-10 -6 16
-10 -5 -16
-10 -5 16
-10 -4 -16
-10 -4 16
-10 -3 -17
-10 -3 17
-10 -2 -17
-10 -2 17
-10 -1 -17
-10 -1 17
-10 0 -17
-10 0 17
-10 1 -17
-10 1 17
-10 2 -17
-10 2 17
-10 3 -17
-10 3 17
-10 4 -16
-10 4 16
-10 5 -16
-10 5 16
-10 6 -16
-10 6 16
-10 7 -15
-10 7 15
-10 8 -15
-10 8 15
-10 9 -14
-10 9 14
-10 10 -14
-10 10 14
-10 11 -13
-10 11 13
-10 12 -12
-10 12 12
-10 13 -11
-10 13 11
-10 14 -10
-10 14 -9
-10 14 9
-10 14 10
-10 15 -8
-10 15 -7
-10 15 7
-10 15 8
-10 16 -6
-10 16 -5
-10 16 -4
-10 16 4
-10 16 5
-10 16 6
-10 17 -3
-10 17 -2
-10 17 -1
-10 17 0
-10 17 1
-10 17 2
-10 17 3
-9 -17 -5
-9 -17 -4
-9 -17 -3
-9 -17 -2
-9 -17 -1
-9 -17 0
-9 -17 1
-9 -17 2
-9 -17 3
-9 -17 4
-9 -17 5
-9 -16 -7
-9 -16 -6
-9 -16 6
-9 -16 7
-9 -15 -9
-9 -15 -8
-9 -15 8
-9 -15 9
-9 -14 -11
-9 -14 -10
-9 -14 10
-9 -14 11
-9 -13 -12
-9 -13 12
-9 -12 -13
-9 -12 13
-9 -11 -14
-9 -11 14
-9 -10 -14
-9 -10 14
-9 -9 -15
-9 -9 15
-9 -8 -15
-9 -8 15
-9 -7 -16
-9 -7 16
-9 -6 -16
-9 -6 16
-9 -5 -17
-9 -5 17
-9 -4 -17
-9 -4 17
-9 -3 -17
-9 -3 17
-9 -2 -17
-9 -2 17
-9 -1 -17
-9 -1 17
-9 0 -17
-9 0 17
-9 1 -17
-9 1 17
-9 2 -17
-9 2 17
-9 3 -17
-9 3 17
-9 4 -17
-9 4 17
-9 5 -17
-9 5 17
-9 6 -16
-9 6 16
-9 7 -16
-9 7 16
-9 8 -15
-9 8 15
-9 9 -15
-9 9 15
-9 10 -14
-9 10 14
-9 11 -14
-9 11 14
-9 12 -13
-9 12 13
-9 13 -12
-9 13 12
-9 14 -11
-9 14 -10
-9 14 10
-9 14 11
-9 15 -9
-9 15 -8
-9 15 8
-9 15 9
-9 16 -7
-9 16 -6
-9 16 6
-9 16 7
-9 17 -5
-9 17 -4
-9 17 -3
-9 17 -2
-9 17 -1
-9 17 0
-9 17 1
-9 17 2
-9 17 3
-9 17 4
-9 17 5
-8 -18 -3
-8 -18 -2
-8 -18 -1
-8 -18 0
-8 -18 1
-8 -18 2
-8 -18 3
-8 -17 -6
-8 -17 -5
-8 -17 -4
-8 -17 4
-8 -17 5
-8 -17 6
-8 -16 -8
-8 -16 -7
-8 -16 7
-8 -16 8
-8 -15 -10
-8 -15 -9
-8 -15 9
-8 -15 10
-8 -14 -11
-8 -14 11
-8 -13 -12
-8 -13 12
-8 -12 -13
-8 -12 13
-8 -11 -14
-8 -11 14
-8 -10 -15
-8 -10 15
-8 -9 -15
-8 -9 15
-8 -8 -16
-8 -8 16
-8 -7 -16
-8 -7 16
-8 -6 -17
-8 -6 17
-8 -5 -17
-8 -5 17
-8 -4 -17
-8 -4 17
-8 -3 -18
-8 -3 18
-8 -2 -18
-8 -2 18
-8 -1 -18
-8 -1 18
-8 0 -18
-8 0 18
-8 1 -18
-8 1 18
-8 2 -18
-8 2 18
-8 3 -18
-8 3 18
-8 4 -17
-8 4 17
-8 5 -17
-8 5 17
-8 6 -17
-8 6 17
-8 7 -16
-8 7 16
-8 8 -16
-8 8 16
-8 9 -15
-8 9 15
-8 10 -15
-8 10 15
-8 11 -14
-8 11 14
-8 12 -13
-8 12 13
-8 13 -12
-8 13 12
-8 14 -11
-8 14 11
-8 15 -10
-8 15 -9
-8 15 9
-8 15 10
-8 16 -8
-8 16 -7
-8 16 7
-8 16 8
-8 17 -6
-8 17 -5
-8 17 -4
-8 17 4
-8 17 5
-8 17 6
-8 18 -3
-8 18 -2
-8 18 -1
-8 18 0
-8 18 1
-8 18 2
-8 18 3
-7 -18 -5
-7 -18 -4
-7 -18 -3
-7 -18 -2
-7 -18 -1
-7 -18 0
-7 -18 1
-7 -18 2
-7 -18 3
-7 -18 4
-7 -18 5
-7 -17 -7
-7 -17 -6
-7 -17 6
-7 -17 7
-7 -16 -9
-7 -16 -8
-7 -16 8
-7 -16 9
-7 -15 -11
-7 -15 -10
-7 -15 10
-7 -15 11
-7 -14 -12
-7 -14 12
-7 -13 -13
-7 -13 13
-7 -12 -14
-7 -12 14
-7 -11 -15
-7 -11 15
-7 -10 -15
-7 -10 15
-7 -9 -16
-7 -9 16
-7 -8 -16
-7 -8 16
-7 -7 -17
-7 -7 17
-7 -6 -17
-7 -6 17
-7 -5 -18
-7 -5 18
-7 -4 -18
-7 -4 18
-7 -3 -18
-7 -3 18
-7 -2 -18
-7 -2 18
-7 -1 -18
-7 -1 18
-7 0 -18
-7 0 18
-7 1 -18
-7 1 18
-7 2 -18
-7 2 18
-7 3 -18
-7 3 18
-7 4 -18
-7 4 18
-7 5 -18
-7 5 18
-7 6 -17
-7 6 17
-7 7 -17
-7 7 17
-7 8 -16
-7 8 16
-7 9 -16
-7 9 16
-7 10 -15
-7 10 15
-7 11 -15
-7 11 15
-7 12 -14
-7 12 14
-7 13 -13
-7 13 13
-7 14 -12
-7 14 12
-7 15 -11
-7 15 -10
-7 15 10
-7 15 11
-7 16 -9
-7 16 -8
-7 16 8
-7 16 9
-7 17 -7
-7 17 -6
-7 17 6
-7 17 7
-7 18 -5
-7 18 -4
-7 18 -3
-7 18 -2
-7 18 -1
-7 18 0
-7 18 1
-7 18 2
-7 18 3
-7 18 4
-7 18 5
-6 -19 -1
-6 -19 0
-6 -19 1
-6 -18 -6
-6 -18 -5
-6 -18 -4
-6 -18 -3
-6 -18 -2
-6 -18 2
-6 -18 3
-6 -18 4
-6 -18 5
-6 -18 6
-6 -17 -8
-6 -17 -7
-6 -17 7
-6 -17 8
-6 -16 -10
-6 -16 -9
-6 -16 9
-6 -16 10
-6 -15 -11
-6 -15 11
-6 -14 -12
-6 -14 12
-6 -13 -13
-6 -13 13
-6 -12 -14
-6 -12 14
-6 -11 -15
-6 -11 15
-6 -10 -16
-6 -10 16
-6 -9 -16
-6 -9 16
-6 -8 -17
-6 -8 17
-6 -7 -17
-6 -7 17
-6 -6 -18
-6 -6 18
-6 -5 -18
-6 -5 18
-6 -4 -18
-6 -4 18
-6 -3 -18
-6 -3 18
-6 -2 -18
-6 -2 18
-6 -1 -19
-6 -1 19
-6 0 -19
-6 0 19
-6 1 -19
-6 1 19
-6 2 -18
-6 2 18
-6 3 -18
-6 3 18
-6 4 -18
-6 4 18
-6 5 -18
-6 5 18
-6 6 -18
-6 6 18
-6 7 -17
-6 7 17
-6 8 -17
-6 8 17
-6 9 -16
-6 9 16
-6 10 -16
-6 10 16
-6 11 -15
-6 11 15
-6 12 -14
-6 12 14
-6 13 -13
-6 13 13
-6 14 -12
-6 14 12
-6 15 -11
-6 15 11
-6 16 -10
-6 16 -9
-6 16 9
-6 16 10
-6 17 -8
-6 17 -7
-6 17 7
-6 17 8
-6 18 -6
-6 18 -5
-6 18 -4
-6 18 -3
-6 18 -2
-6 18 2
-6 18 3
-6 18 4
-6 18 5
-6 18 6
-6 19 -1
-6 19 0
-6 19 1
-5 -19 -3
-5 -19 -2
-5 -19 -1
-5 -19 0
-5 -19 1
-5 -19 2
-5 -19 3
-5 -18 -7
-5 -18 -6
-5 -18 -5
-5 -18 -4
-5 -18 4
-5 -18 5
-5 -18 6
-5 -18 7
-5 -17 -9
-5 -17 -8
-5 -17 8
-5 -17 9
-5 -16 -10
-5 -16 10
-5 -15 -12
-5 -15 -11
-5 -15 11
-5 -15 12
-5 -14 -13
-5 -14 13
-5 -13 -14
-5 -13 14
-5 -12 -15
-5 -12 15
-5 -11 -15
-5 -11 15
-5 -10 -16
-5 -10 16
-5 -9 -17
-5 -9 17
-5 -8 -17
-5 -8 17
-5 -7 -18
-5 -7 18
-5 -6 -18
-5 -6 18
-5 -5 -18
-5 -5 18
-5 -4 -18
-5 -4 18
-5 -3 -19
-5 -3 19
-5 -2 -19
-5 -2 19
-5 -1 -19
-5 -1 19
-5 0 -19
-5 0 19
-5 1 -19
-5 1 19
-5 2 -19
-5 2 19
-5 3 -19
-5 3 19
-5 4 -18
-5 4 18
-5 5 -18
-5 5 18
-5 6 -18
-5 6 18
-5 7 -18
-5 7 18
-5 8 -17
-5 8 17
-5 9 -17
-5 9 17
-5 10 -16
-5 10 16
-5 11 -15
-5 11 15
-5 12 -15
-5 12 15
-5 13 -14
-5 13 14
-5 14 -13
-5 14 13
-5 15 -12
-5 15 -11
-5 15 11
-5 15 12
-5 16 -10
-5 16 10
-5 17 -9
-5 17 -8
-5 17 8
-5 17 9
-5 18 -7
-5 18 -6
-5 18 -5
-5 18 -4
-5 18 4
-5 18 5
-5 18 6
-5 18 7
-5 19 -3
-5 19 -2
-5 19 -1
-5 19 0
-5 19 1
-5 19 2
-5 19 3
-4 -19 -4
-4 -19 -3
-4 -19 -2
-4 -19 -1
-4 -19 0
-4 -19 1
-4 -19 2
-4 -19 3
-4 -19 4
-4 -18 -7
-4 -18 -6
-4 -18 -5
-4 -18 5
-4 -18 6
-4 -18 7
-4 -17 -9
-4 -17 -8
-4 -17 8
-4 -17 9
-4 -16 -11
-4 -16 -10
-4 -16 10
-4 -16 11
-4 -15 -12
-4 -15 12
-4 -14 -13
-4 -14 13
-4 -13 -14
-4 -13 14
-4 -12 -15
-4 -12 15
-4 -11 -16
-4 -11 16
-4 -10 -16
-4 -10 16
-4 -9 -17
-4 -9 17
-4 -8 -17
-4 -8 17
-4 -7 -18
-4 -7 18
-4 -6 -18
-4 -6 18
-4 -5 -18
-4 -5 18
-4 -4 -19
-4 -4 19
-4 -3 -19
-4 -3 19
-4 -2 -19
-4 -2 19
-4 -1 -19
-4 -1 19
-4 0 -19
-4 0 19
-4 1 -19
-4 1 19
-4 2 -19
-4 2 19
-4 3 -19
-4 3 19
-4 4 -19
-4 4 19
-4 5 -18
-4 5 18
-4 6 -18
-4 6 18
-4 7 -18
-4 7 18
-4 8 -17
-4 8 17
-4 9 -17
-4 9 17
-4 10 -16
-4 10 16
-4 11 -16
-4 11 16
-4 12 -15
-4 12 15
-4 13 -14
-4 13 14
-4 14 -13
-4 14 13
-4 15 -12
-4 15 12
-4 16 -11
-4 16 -10
-4 16 10
-4 16 11
-4 17 -9
-4 17 -8
-4 17 8
-4 17 9
-4 18 -7
-4 18 -6
-4 18 -5
-4 18 5
-4 18 6
-4 18 7
-4 19 -4
-4 19 -3
-4 19 -2
-4 19 -1
-4 19 0
-4 19 1
-4 19 2
-4 19 3
-4 19 4
-3 -19 -5
-3 -19 -4
-3 -19 -3
-3 -19 -2
-3 -19 -1
-3 -19 0
-3 -19 1
-3 -19 2
-3 -19 3
-3 -19 4
-3 -19 5
-3 -18 -8
-3 -18 -7
-3 -18 -6
-3 -18 6
-3 -18 7
-3 -18 8
-3 -17 -10
-3 -17 -9
-3 -17 9
-3 -17 10
-3 -16 -11
-3 -16 11
-3 -15 -12
-3 -15 12
-3 -14 -13
-3 -14 13
-3 -13 -14
-3 -13 14
-3 -12 -15
-3 -12 15
-3 -11 -16
-3 -11 16
-3 -10 -17
-3 -10 17
-3 -9 -17
-3 -9 17
-3 -8 -18
-3 -8 18
-3 -7 -18
-3 -7 18
-3 -6 -18
-3 -6 18
-3 -5 -19
-3 -5 19
-3 -4 -19
-3 -4 19
-3 -3 -19
-3 -3 19
-3 -2 -19
-3 -2 19
-3 -1 -19
-3 -1 19
-3 0 -19
-3 0 19
-3 1 -19
-3 1 19
-3 2 -19
-3 2 19
-3 3 -19
-3 3 19
-3 4 -19
-3 4 19
-3 5 -19
-3 5 19
-3 6 -18
-3 6 18
-3 7 -18
-3 7 18
-3 8 -18
-3 8 18
-3 9 -17
-3 9 17
-3 10 -17
-3 10 17
-3 11 -16
-3 11 16
-3 12 -15
-3 12 15
-3 13 -14
-3 13 14
-3 14 -13
-3 14 13
-3 15 -12
-3 15 12
-3 16 -11
-3 16 11
-3 17 -10
-3 17 -9
-3 17 9
-3 17 10
-3 18 -8
-3 18 -7
-3 18 -6
-3 18 6
-3 18 7
-3 18 8
-3 19 -5
-3 19 -4
-3 19 -3
-3 19 -2
-3 19 -1
-3 19 0
-3 19 1
-3 19 2
-3 19 3
-3 19 4
-3 19 5
-2 -19 -5
-2 -19 -4
-2 -19 -3
-2 -19 -2
-2 -19 -1
-2 -19 0
-2 -19 1
-2 -19 2
-2 -19 3
-2 -19 4
-2 -19 5
-2 -18 -8
-2 -18 -7
-2 -18 -6
-2 -18 6
-2 -18 7
-2 -18 8
-2 -17 -10
-2 -17 -9
-2 -17 9
-2 -17 10
-2 -16 -11
-2 -16 11
-2 -15 -13
-2 -15 -12
-2 -15 12
-2 -15 13
-2 -14 -14
-2 -14 14
-2 -13 -15
-2 -13 15
-2 -12 -15
-2 -12 15
-2 -11 -16
-2 -11 16
-2 -10 -17
-2 -10 17
-2 -9 -17
-2 -9 17
-2 -8 -18
-2 -8 18
-2 -7 -18
-2 -7 18
-2 -6 -18
-2 -6 18
-2 -5 -19
-2 -5 19
-2 -4 -19
-2 -4 19
-2 -3 -19
-2 -3 19
-2 -2 -19
-2 -2 19
-2 -1 -19
-2 -1 19
-2 0 -19
-2 0 19
-2 1 -19
-2 1 19
-2 2 -19
-2 2 19
-2 3 -19
-2 3 19
-2 4 -19
-2 4 19
-2 5 -19
-2 5 19
-2 6 -18
-2 6 18
-2 7 -18
-2 7 18
-2 8 -18
-2 8 18
-2 9 -17
-2 9 17
-2 10 -17
-2 10 17
-2 11 -16
-2 11 16
-2 12 -15
-2 12 15
-2 13 -15
-2 13 15
-2 14 -14
-2 14 14
-2 15 -13
-2 15 -12
-2 15 12
-2 15 13
-2 16 -11
-2 16 11
-2 17 -10
-2 17 -9
-2 17 9
-2 17 10
-2 18 -8
-2 18 -7
-2 18 -6
-2 18 6
-2 18 7
-2 18 8
-2 19 -5
-2 19 -4
-2 19 -3
-2 19 -2
-2 19 -1
-2 19 0
-2 19 1
-2 19 2
-2 19 3
-2 19 4
-2 19 5
-1 -19 -6
-1 -19 -5
-1 -19 -4
-1 -19 -3
-1 -19 -2
-1 -19 -1
-1 -19 0
-1 -19 1
-1 -19 2
-1 -19 3
-1 -19 4
-1 -19 5
-1 -19 6
-1 -18 -8
-1 -18 -7
-1 -18 7
-1 -18 8
-1 -17 -10
-1 -17 -9
-1 -17 9
-1 -17 10
-1 -16 -11
-1 -16 11
-1 -15 -13
-1 -15 -12
-1 -15 12
-1 -15 13
-1 -14 -14
-1 -14 14
-1 -13 -15
-1 -13 15
-1 -12 -15
-1 -12 15
-1 -11 -16
-1 -11 16
-1 -10 -17
-1 -10 17
-1 -9 -17
-1 -9 17
-1 -8 -18
-1 -8 18
-1 -7 -18
-1 -7 18
-1 -6 -19
-1 -6 19
-1 -5 -19
-1 -5 19
-1 -4 -19
-1 -4 19
-1 -3 -19
-1 -3 19
-1 -2 -19
-1 -2 19
-1 -1 -19
-1 -1 19
-1 0 -19
-1 0 19
-1 1 -19
-1 1 19
-1 2 -19
-1 2 19
-1 3 -19
-1 3 19
-1 4 -19
-1 4 19
-1 5 -19
-1 5 19
-1 6 -19
-1 6 19
-1 7 -18
-1 7 18
-1 8 -18
-1 8 18
-1 9 -17
-1 9 17
-1 10 -17
-1 10 17
-1 11 -16
-1 11 16
-1 12 -15
-1 12 15
-1 13 -15
-1 13 15
-1 14 -14
-1 14 14
-1 15 -13
-1 15 -12
-1 15 12
-1 15 13
-1 16 -11
-1 16 11
-1 17 -10
-1 17 -9
-1 17 9
-1 17 10
-1 18 -8
-1 18 -7
-1 18 7
-1 18 8
-1 19 -6
-1 19 -5
-1 19 -4
-1 19 -3
-1 19 -2
-1 19 -1
-1 19 0
-1 19 1
-1 19 2
-1 19 3
-1 19 4
-1 19 5
-1 19 6
0 -20 0
0 -19 -6
0 -19 -5
0 -19 -4
0 -19 -3
0 -19 -2
0 -19 -1
0 -19 1
0 -19 2
0 -19 3
0 -19 4
0 -19 5
0 -19 6
0 -18 -8
0 -18 -7
0 -18 7
0 -18 8
0 -17 -10
0 -17 -9
0 -17 9
0 -17 10
0 -16 -12
0 -16 -11
0 -16 11
0 -16 12
0 -15 -13
0 -15 13
0 -14 -14
0 -14 14
0 -13 -15
0 -13 15
0 -12 -16
0 -12 16
0 -11 -16
0 -11 16
0 -10 -17
0 -10 17
0 -9 -17
0 -9 17
0 -8 -18
0 -8 18
0 -7 -18
0 -7 18
0 -6 -19
0 -6 19
0 -5 -19
0 -5 19
0 -4 -19
0 -4 19
0 -3 -19
0 -3 19
0 -2 -19
0 -2 19
0 -1 -19
0 -1 19
0 0 -20
0 0 20
0 1 -19
0 1 19
0 2 -19
0 2 19
0 3 -19
0 3 19
0 4 -19
0 4 19
0 5 -19
0 5 19
0 6 -19
0 6 19
0 7 -18
0 7 18
0 8 -18
0 8 18
0 9 -17
0 9 17
0 10 -17
0 10 17
0 11 -16
0 11 16
0 12 -16
0 12 16
0 13 -15
0 13 15
0 14 -14
0 14 14
0 15 -13
0 15 13
0 16 -12
0 16 -11
0 16 11
0 16 12
0 17 -10
0 17 -9
0 17 9
0 17 10
0 18 -8
0 18 -7
0 18 7
0 18 8
0 19 -6
0 19 -5
0 19 -4
0 19 -3
0 19 -2
0 19 -1
0 19 1
0 19 2
0 19 3
0 19 4
0 19 5
0 19 6
0 20 0
1 -19 -6
1 -19 -5
1 -19 -4
1 -19 -3
1 -19 -2
1 -19 -1
1 -19 0
1 -19 1
1 -19 2
1 -19 3
1 -19 4
1 -19 5
1 -19 6
1 -18 -8
1 -18 -7
1 -18 7
1 -18 8
1 -17 -10
1 -17 -9
1 -17 9
1 -17 10
1 -16 -11
1 -16 11
1 -15 -13
1 -15 -12
1 -15 12
1 -15 13
1 -14 -14
1 -14 14
1 -13 -15
1 -13 15
1 -12 -15
1 -12 15
1 -11 -16
1 -11 16
1 -10 -17
1 -10 17
1 -9 -17
1 -9 17
1 -8 -18
1 -8 18
1 -7 -18
1 -7 18
1 -6 -19
1 -6 19
1 -5 -19
1 -5 19
1 -4 -19
1 -4 19
1 -3 -19
1 -3 19
1 -2 -19
1 -2 19
1 -1 -19
1 -1 19
1 0 -19
1 0 19
1 1 -19
1 1 19
1 2 -19
1 2 19
1 3 -19
1 3 19
1 4 -19
1 4 19
1 5 -19
1 5 19
1 6 -19
1 6 19
1 7 -18
1 7 18
1 8 -18
1 8 18
1 9 -17
1 9 17
1 10 -17
1 10 17
1 11 -16
1 11 16
1 12 -15
1 12 15
1 13 -15
1 13 15
1 14 -14
1 14 14
1 15 -13
1 15 -12
1 15 12
1 15 13
1 16 -11
1 16 11
1 17 -10
1 17 -9
1 17 9
1 17 10
1 18 -8
1 18 -7
1 18 7
1 18 8
1 19 -6
1 19 -5
1 19 -4
1 19 -3
1 19 -2
1 19 -1
1 19 0
1 19 1
1 19 2
1 19 3
1 19 4
1 19 5
1 19 6
2 -19 -5
2 -19 -4
2 -19 -3
2 -19 -2
2 -19 -1
2 -19 0
2 -19 1
2 -19 2
2 -19 3
2 -19 4
2 -19 5
2 -18 -8
2 -18 -7
2 -18 -6
2 -18 6
2 -18 7
2 -18 8
2 -17 -10
2 -17 -9
2 -17 9
2 -17 10
2 -16 -11
2 -16 11
2 -15 -13
2 -15 -12
2 -15 12
2 -15 13
2 -14 -14
2 -14 14
2 -13 -15
2 -13 15
2 -12 -15
2 -12 15
2 -11 -16
2 -11 16
2 -10 -17
2 -10 17
2 -9 -17
2 -9 17
2 -8 -18
2 -8 18
2 -7 -18
2 -7 18
2 -6 -18
2 -6 18
2 -5 -19
2 -5 19
2 -4 -19
2 -4 19
2 -3 -19
2 -3 19
2 -2 -19
2 -2 19
2 -1 -19
2 -1 19
2 0 -19
2 0 19
2 1 -19
2 1 19
2 2 -19
2 2 19
2 3 -19
2 3 19
2 4 -19
2 4 19
2 5 -19
2 5 19
2 6 -18
2 6 18
2 7 -18
2 7 18
2 8 -18
2 8 18
2 9 -17
2 9 17
2 10 -17
2 10 17
2 11 -16
2 11 16
2 12 -15
2 12 15
2 13 -15
2 13 15
2 14 -14
2 14 14
2 15 -13
2 15 -12
2 15 12
2 15 13
2 16 -11
2 16 11
2 17 -10
2 17 -9
2 17 9
2 17 10
2 18 -8
2 18 -7
2 18 -6
2 18 6
2 18 7
2 18 8
2 19 -5
2 19 -4
2 19 -3
2 19 -2
2 19 -1
2 19 0
2 19 1
2 19 2
2 19 3
2 19 4
2 19 5
3 -19 -5
3 -19 -4
3 -19 -3
3 -19 -2
3 -19 -1
3 -19 0
3 -19 1
3 -19 2
3 -19 3
3 -19 4
3 -19 5
3 -18 -8
3 -18 -7
3 -18 -6
3 -18 6
3 -18 7
3 -18 8
3 -17 -10
3 -17 -9
3 -17 9
3 -17 10
3 -16 -11
3 -16 11
3 -15 -12
3 -15 12
3 -14 -13
3 -14 13
3 -13 -14
3 -13 14
3 -12 -15
3 -12 15
3 -11 -16
3 -11 16
3 -10 -17
3 -10 17
3 -9 -17
3 -9 17
3 -8 -18
3 -8 18
3 -7 -18
3 -7 18
3 -6 -18
3 -6 18
3 -5 -19
3 -5 19
3 -4 -19
3 -4 19
3 -3 -19
3 -3 19
3 -2 -19
3 -2 19
3 -1 -19
3 -1 19
3 0 -19
3 0 19
3 1 -19
3 1 19
3 2 -19
3 2 19
3 3 -19
3 3 19
3 4 -19
3 4 19
3 5 -19
3 5 19
3 6 -18
3 6 18
3 7 -18
3 7 18
3 8 -18
3 8 18
3 9 -17
3 9 17
3 10 -17
3 10 17
3 11 -16
3 11 16
3 12 -15
3 12 15
3 13 -14
3 13 14
3 14 -13
3 14 13
3 15 -12
3 15 12
3 16 -11
3 16 11
3 17 -10
3 17 -9
3 17 9
3 17 10
3 18 -8
3 18 -7
3 18 -6
3 18 6
3 18 7
3 18 8
3 19 -5
3 19 -4
3 19 -3
3 19 -2
3 19 -1
3 19 0
3 19 1
3 19 2
3 19 3
3 19 4
3 19 5
4 -19 -4
4 -19 -3
4 -19 -2
4 -19 -1
4 -19 0
4 -19 1
4 -19 2
4 -19 3
4 -19 4
4 -18 -7
4 -18 -6
4 -18 -5
4 -18 5
4 -18 6
4 -18 7
4 -17 -9
4 -17 -8
4 -17 8
4 -17 9
4 -16 -11
4 -16 -10
4 -16 10
4 -16 11
4 -15 -12
4 -15 12
4 -14 -13
4 -14 13
4 -13 -14
4 -13 14
4 -12 -15
4 -12 15
4 -11 -16
4 -11 16
4 -10 -16
4 -10 16
4 -9 -17
4 -9 17
4 -8 -17
4 -8 17
4 -7 -18
4 -7 18
4 -6 -18
4 -6 18
4 -5 -18
4 -5 18
4 -4 -19
4 -4 19
4 -3 -19
4 -3 19
4 -2 -19
4 -2 19
4 -1 -19
4 -1 19
4 0 -19
4 0 19
4 1 -19
4 1 19
4 2 -19
4 2 19
4 3 -19
4 3 19
4 4 -19
4 4 19
4 5 -18
4 5 18
4 6 -18
4 6 18
4 7 -18
4 7 18
4 8 -17
4 8 17
4 9 -17
4 9 17
4 10 -16
4 10 16
4 11 -16
4 11 16
4 12 -15
4 12 15
4 13 -14
4 13 14
4 14 -13
4 14 13
4 15 -12
4 15 12
4 16 -11
4 16 -10
4 16 10
4 16 11
4 17 -9
4 17 -8
4 17 8
4 17 9
4 18 -7
4 18 -6
4 18 -5
4 18 5
4 18 6
4 18 7
4 19 -4
4 19 -3
4 19 -2
4 19 -1
4 19 0
4 19 1
4 19 2
4 19 3
4 19 4
5 -19 -3
5 -19 -2
5 -19 -1
5 -19 0
5 -19 1
5 -19 2
5 -19 3
5 -18 -7
5 -18 -6
5 -18 -5
5 -18 -4
5 -18 4
5 -18 5
5 -18 6
5 -18 7
5 -17 -9
5 -17 -8
5 -17 8
5 -17 9
5 -16 -10
5 -16 10
5 -15 -12
5 -15 -11
5 -15 11
5 -15 12
5 -14 -13
5 -14 13
5 -13 -14
5 -13 14
5 -12 -15
5 -12 15
5 -11 -15
5 -11 15
5 -10 -16
5 -10 16
5 -9 -17
5 -9 17
5 -8 -17
5 -8 17
5 -7 -18
5 -7 18
5 -6 -18
5 -6 18
5 -5 -18
5 -5 18
5 -4 -18
5 -4 18
5 -3 -19
5 -3 19
5 -2 -19
5 -2 19
5 -1 -19
5 -1 19
5 0 -19
5 0 19
5 1 -19
5 1 19
5 2 -19
5 2 19
5 3 -19
5 3 19
5 4 -18
5 4 18
5 5 -18
5 5 18
5 6 -18
5 6 18
5 7 -18
5 7 18
5 8 -17
5 8 17
5 9 -17
5 9 17
5 10 -16
5 10 16
5 11 -15
5 11 15
5 12 -15
5 12 15
5 13 -14
5 13 14
5 14 -13
5 14 13
5 15 -12
5 15 -11
5 15 11
5 15 12
5 16 -10
5 16 10
5 17 -9
5 17 -8
5 17 8
5 17 9
5 18 -7
5 18 -6
5 18 -5
5 18 -4
5 18 4
5 18 5
5 18 6
5 18 7
5 19 -3
5 19 -2
5 19 -1
5 19 0
5 19 1
5 19 2
5 19 3
6 -19 -1
6 -19 0
6 -19 1
6 -18 -6
6 -18 -5
6 -18 -4
6 -18 -3
6 -18 -2
6 -18 2
6 -18 3
6 -18 4
6 -18 5
6 -18 6
6 -17 -8
6 -17 -7
6 -17 7
6 -17 8
6 -16 -10
6 -16 -9
6 -16 9
6 -16 10
6 -15 -11
6 -15 11
6 -14 -12
6 -14 12
6 -13 -13
6 -13 13
6 -12 -14
6 -12 14
6 -11 -15
6 -11 15
6 -10 -16
6 -10 16
6 -9 -16
6 -9 16
6 -8 -17
6 -8 17
6 -7 -17
6 -7 17
6 -6 -18
6 -6 18
6 -5 -18
6 -5 18
6 -4 -18
6 -4 18
6 -3 -18
6 -3 18
6 -2 -18
6 -2 18
6 -1 -19
6 -1 19
6 0 -19
6 0 19
6 1 -19
6 1 19
6 2 -18
6 2 18
6 3 -18
6 3 18
6 4 -18
6 4 18
6 5 -18
6 5 18
6 6 -18
6 6 18
6 7 -17
6 7 17
6 8 -17
6 8 17
6 9 -16
6 9 16
6 10 -16
6 10 16
6 11 -15
6 11 15
6 12 -14
6 12 14
6 13 -13
6 13 13
6 14 -12
6 14 12
6 15 -11
6 15 11
6 16 -10
6 16 -9
6 16 9
6 16 10
6 17 -8
6 17 -7
6 17 7
6 17 8
6 18 -6
6 18 -5
6 18 -4
6 18 -3
6 18 -2
6 18 2
6 18 3
6 18 4
6 18 5
6 18 6
6 19 -1
6 19 0
6 19 1
7 -18 -5
7 -18 -4
7 -18 -3
7 -18 -2
7 -18 -1
7 -18 0
7 -18 1
7 -18 2
7 -18 3
7 -18 4
7 -18 5
7 -17 -7
7 -17 -6
7 -17 6
7 -17 7
7 -16 -9
7 -16 -8
7 -16 8
7 -16 9
7 -15 -11
7 -15 -10
7 -15 10
7 -15 11
7 -14 -12
7 -14 12
7 -13 -13
7 -13 13
7 -12 -14
7 -12 14
7 -11 -15
7 -11 15
7 -10 -15
7 -10 15
7 -9 -16
7 -9 16
7 -8 -16
7 -8 16
7 -7 -17
7 -7 17
7 -6 -17
7 -6 17
7 -5 -18
7 -5 18
7 -4 -18
7 -4 18
7 -3 -18
7 -3 18
7 -2 -18
7 -2 18
7 -1 -18
7 -1 18
7 0 -18
7 0 18
7 1 -18
7 1 18
7 2 -18
7 2 18
7 3 -18
7 3 18
7 4 -18
7 4 18
7 5 -18
7 5 18
7 6 -17
7 6 17
7 7 -17
7 7 17
7 8 -16
7 8 16
7 9 -16
7 9 16
7 10 -15
7 10 15
7 11 -15
7 11 15
7 12 -14
7 12 14
7 13 -13
7 13 13
7 14 -12
7 14 12
7 15 -11
7 15 -10
7 15 10
7 15 11
7 16 -9
7 16 -8
7 16 8
7 16 9
7 17 -7
7 17 -6
7 17 6
7 17 7
7 18 -5
7 18 -4
7 18 -3
7 18 -2
7 18 -1
7 18 0
7 18 1
7 18 2
7 18 3
7 18 4
7 18 5
8 -18 -3
8 -18 -2
8 -18 -1
8 -18 0
8 -18 1
8 -18 2
8 -18 3
8 -17 -6
8 -17 -5
8 -17 -4
8 -17 4
8 -17 5
8 -17 6
8 -16 -8
8 -16 -7
8 -16 7
8 -16 8
8 -15 -10
8 -15 -9
8 -15 9
8 -15 10
8 -14 -11
8 -14 11
8 -13 -12
8 -13 12
8 -12 -13
8 -12 13
8 -11 -14
8 -11 14
8 -10 -15
8 -10 15
8 -9 -15
8 -9 15
8 -8 -16
8 -8 16
8 -7 -16
8 -7 16
8 -6 -17
8 -6 17
8 -5 -17
8 -5 17
8 -4 -17
8 -4 17
8 -3 -18
8 -3 18
8 -2 -18
8 -2 18
8 -1 -18
8 -1 18
8 0 -18
8 0 18
8 1 -18
8 1 18
8 2 -18
8 2 18
8 3 -18
8 3 18
8 4 -17
8 4 17
8 5 -17
8 5 17
8 6 -17
8 6 17
8 7 -16
8 7 16
8 8 -16
8 8 16
8 9 -15
8 9 15
8 10 -15
8 10 15
8 11 -14
8 11 14
8 12 -13
8 12 13
8 13 -12
8 13 12
8 14 -11
8 14 11
8 15 -10
8 15 -9
8 15 9
8 15 10
8 16 -8
8 16 -7
8 16 7
8 16 8
8 17 -6
8 17 -5
8 17 -4
8 17 4
8 17 5
8 17 6
8 18 -3
8 18 -2
8 18 -1
8 18 0
8 18 1
8 18 2
8 18 3
9 -17 -5
9 -17 -4
9 -17 -3
9 -17 -2
9 -17 -1
9 -17 0
9 -17 1
9 -17 2
9 -17 3
9 -17 4
9 -17 5
9 -16 -7
9 -16 -6
9 -16 6
9 -16 7
9 -15 -9
9 -15 -8
9 -15 8
9 -15 9
9 -14 -11
9 -14 -10
9 -14 10
9 -14 11
9 -13 -12
9 -13 12
9 -12 -13
9 -12 13
9 -11 -14
9 -11 14
9 -10 -14
9 -10 14
9 -9 -15
9 -9 15
9 -8 -15
9 -8 15
9 -7 -16
9 -7 16
9 -6 -16
9 -6 16
9 -5 -17
9 -5 17
9 -4 -17
9 -4 17
9 -3 -17
9 -3 17
9 -2 -17
9 -2 17
9 -1 -17
9 -1 17
9 0 -17
9 0 17
9 1 -17
9 1 17
9 2 -17
9 2 17
9 3 -17
9 3 17
9 4 -17
9 4 17
9 5 -17
9 5 17
9 6 -16
9 6 16
9 7 -16
9 7 16
9 8 -15
9 8 15
9 9 -15
9 9 15
9 10 -14
9 10 14
9 11 -14
9 11 14
9 12 -13
9 12 13
9 13 -12
9 13 12
9 14 -11
9 14 -10
9 14 10
9 14 11
9 15 -9
9 15 -8
9 15 8
9 15 9
9 16 -7
9 16 -6
9 16 6
9 16 7
9 17 -5
9 17 -4
9 17 -3
9 17 -2
9 17 -1
9 17 0
9 17 1
9 17 2
9 17 3
9 17 4
9 17 5
10 -17 -3
10 -17 -2
10 -17 -1
10 -17 0
10 -17 1
10 -17 2
10 -17 3
10 -16 -6
10 -16 -5
10 -16 -4
10 -16 4
10 -16 5
10 -16 6
10 -15 -8
10 -15 -7
10 -15 7
10 -15 8
10 -14 -10
10 -14 -9
10 -14 9
10 -14 10
10 -13 -11
10 -13 11
10 -12 -12
10 -12 12
10 -11 -13
10 -11 13
10 -10 -14
10 -10 14
10 -9 -14
10 -9 14
10 -8 -15
10 -8 15
10 -7 -15
10 -7 15
10 -6 -16
10 -6 16
10 -5 -16
10 -5 16
10 -4 -16
10 -4 16
10 -3 -17
10 -3 17
10 -2 -17
10 -2 17
10 -1 -17
10 -1 17
10 0 -17
10 0 17
10 1 -17
10 1 17
10 2 -17
10 2 17
10 3 -17
10 3 17
10 4 -16
10 4 16
10 5 -16
10 5 16
10 6 -16
10 6 16
10 7 -15
10 7 15
10 8 -15
10 8 15
10 9 -14
10 9 14
10 10 -14
10 10 14
10 11 -13
10 11 13
10 12 -12
10 12 12
10 13 -11
10 13 11
10 14 -10
10 14 -9
10 14 9
10 14 10
10 15 -8
10 15 -7
10 15 7
10 15 8
10 16 -6
10 16 -5
10 16 -4
10 16 4
10 16 5
10 16 6
10 17 -3
10 17 -2
10 17 -1
10 17 0
10 17 1
10 17 2
10 17 3
11 -16 -4
11 -16 -3
11 -16 -2
11 -16 -1
11 -16 0
11 -16 1
11 -16 2
11 -16 3
11 -16 4
11 -15 -7
11 -15 -6
11 -15 -5
11 -15 5
11 -15 6
11 -15 7
11 -14 -9
11 -14 -8
11 -14 8
11 -14 9
11 -13 -10
11 -13 10
11 -12 -11
11 -12 11
11 -11 -12
11 -11 12
11 -10 -13
11 -10 13
11 -9 -14
11 -9 14
11 -8 -14
11 -8 14
11 -7 -15
11 -7 15
11 -6 -15
11 -6 15
11 -5 -15
11 -5 15
11 -4 -16
11 -4 16
11 -3 -16
11 -3 16
11 -2 -16
11 -2 16
11 -1 -16
11 -1 16
11 0 -16
11 0 16
11 1 -16
11 1 16
11 2 -16
11 2 16
11 3 -16
11 3 16
11 4 -16
11 4 16
11 5 -15
11 5 15
11 6 -15
11 6 15
11 7 -15
11 7 15
11 8 -14
11 8 14
11 9 -14
11 9 14
11 10 -13
11 10 13
11 11 -12
11 11 12
11 12 -11
11 12 11
11 13 -10
11 13 10
11 14 -9
11 14 -8
11 14 8
11 14 9
11 15 -7
11 15 -6
11 15 -5
11 15 5
11 15 6
11 15 7
11 16 -4
11 16 -3
11 16 -2
11 16 -1
11 16 0
11 16 1
11 16 2
11 16 3
11 16 4
12 -16 0
12 -15 -5
12 -15 -4
12 -15 -3
12 -15 -2
12 -15 -1
12 -15 1
12 -15 2
12 -15 3
12 -15 4
12 -15 5
12 -14 -7
12 -14 -6
12 -14 6
12 -14 7
12 -13 -9
12 -13 -8
12 -13 8
12 -13 9
12 -12 -10
12 -12 10
12 -11 -11
12 -11 11
12 -10 -12
12 -10 12
12 -9 -13
12 -9 13
12 -8 -13
12 -8 13
12 -7 -14
12 -7 14
12 -6 -14
12 -6 14
12 -5 -15
12 -5 15
12 -4 -15
12 -4 15
12 -3 -15
12 -3 15
12 -2 -15
12 -2 15
12 -1 -15
12 -1 15
12 0 -16
12 0 16
12 1 -15
12 1 15
12 2 -15
12 2 15
12 3 -15
12 3 15
12 4 -15
12 4 15
12 5 -15
12 5 15
12 6 -14
12 6 14
12 7 -14
12 7 14
12 8 -13
12 8 13
12 9 -13
12 9 13
12 10 -12
12 10 12
12 11 -11
12 11 11
12 12 -10
12 12 10
12 13 -9
12 13 -8
12 13 8
12 13 9
12 14 -7
12 14 -6
12 14 6
12 14 7
12 15 -5
12 15 -4
12 15 -3
12 15 -2
12 15 -1
12 15 1
12 15 2
12 15 3
12 15 4
12 15 5
12 16 0
13 -15 -2
13 -15 -1
13 -15 0
13 -15 1
13 -15 2
13 -14 -5
13 -14 -4
13 -14 -3
13 -14 3
13 -14 4
13 -14 5
13 -13 -7
13 -13 -6
13 -13 6
13 -13 7
13 -12 -9
13 -12 -8
13 -12 8
13 -12 9
13 -11 -10
13 -11 10
13 -10 -11
13 -10 11
13 -9 -12
13 -9 12
13 -8 -12
13 -8 12
13 -7 -13
13 -7 13
13 -6 -13
13 -6 13
13 -5 -14
13 -5 14
13 -4 -14
13 -4 14
13 -3 -14
13 -3 14
13 -2 -15
13 -2 15
13 -1 -15
13 -1 15
13 0 -15
13 0 15
13 1 -15
13 1 15
13 2 -15
13 2 15
13 3 -14
13 3 14
13 4 -14
13 4 14
13 5 -14
13 5 14
13 6 -13
13 6 13
13 7 -13
13 7 13
13 8 -12
13 8 12
13 9 -12
13 9 12
13 10 -11
13 10 11
13 11 -10
13 11 10
13 12 -9
13 12 -8
13 12 8
13 12 9
13 13 -7
13 13 -6
13 13 6
13 13 7
13 14 -5
13 14 -4
13 14 -3
13 14 3
13 14 4
13 14 5
13 15 -2
13 15 -1
13 15 0
13 15 1
13 15 2
14 -14 -2
14 -14 -1
14 -14 0
14 -14 1
14 -14 2
14 -13 -5
14 -13 -4
14 -13 -3
14 -13 3
14 -13 4
14 -13 5
14 -12 -7
14 -12 -6
14 -12 6
14 -12 7
14 -11 -9
14 -11 -8
14 -11 8
14 -11 9
14 -10 -10
14 -10 -9
14 -10 9
14 -10 10
14 -9 -11
14 -9 -10
14 -9 10
14 -9 11
14 -8 -11
14 -8 11
14 -7 -12
14 -7 12
14 -6 -12
14 -6 12
14 -5 -13
14 -5 13
14 -4 -13
14 -4 13
14 -3 -13
14 -3 13
14 -2 -14
14 -2 14
14 -1 -14
14 -1 14
14 0 -14
14 0 14
14 1 -14
14 1 14
14 2 -14
14 2 14
14 3 -13
14 3 13
14 4 -13
14 4 13
14 5 -13
14 5 13
14 6 -12
14 6 12
14 7 -12
14 7 12
14 8 -11
14 8 11
14 9 -11
14 9 -10
14 9 10
14 9 11
14 10 -10
14 10 -9
14 10 9
14 10 10
14 11 -9
14 11 -8
14 11 8
14 11 9
14 12 -7
14 12 -6
14 12 6
14 12 7
14 13 -5
14 13 -4
14 13 -3
14 13 3
14 13 4
14 13 5
14 14 -2
14 14 -1
14 14 0
14 14 1
14 14 2
15 -13 -2
15 -13 -1
15 -13 0
15 -13 1
15 -13 2
15 -12 -5
15 -12 -4
15 -12 -3
15 -12 -2
15 -12 -1
15 -12 1
15 -12 2
15 -12 3
15 -12 4
15 -12 5
15 -11 -7
15 -11 -6
15 -11 -5
15 -11 5
15 -11 6
15 -11 7
15 -10 -8
15 -10 -7
15 -10 7
15 -10 8
15 -9 -9
15 -9 -8
15 -9 8
15 -9 9
15 -8 -10
15 -8 -9
15 -8 9
15 -8 10
15 -7 -11
15 -7 -10
15 -7 10
15 -7 11
15 -6 -11
15 -6 11
15 -5 -12
15 -5 -11
15 -5 11
15 -5 12
15 -4 -12
15 -4 12
15 -3 -12
15 -3 12
15 -2 -13
15 -2 -12
15 -2 12
15 -2 13
15 -1 -13
15 -1 -12
15 -1 12
15 -1 13
15 0 -13
15 0 13
15 1 -13
15 1 -12
15 1 12
15 1 13
15 2 -13
15 2 -12
15 2 12
15 2 13
15 3 -12
15 3 12
15 4 -12
15 4 12
15 5 -12
15 5 -11
15 5 11
15 5 12
15 6 -11
15 6 11
15 7 -11
15 7 -10
15 7 10
15 7 11
15 8 -10
15 8 -9
15 8 9
15 8 10
15 9 -9
15 9 -8
15 9 8
15 9 9
15 10 -8
15 10 -7
15 10 7
15 10 8
15 11 -7
15 11 -6
15 11 -5
15 11 5
15 11 6
15 11 7
15 12 -5
15 12 -4
15 12 -3
15 12 -2
15 12 -1
15 12 1
15 12 2
15 12 3
15 12 4
15 12 5
15 13 -2
15 13 -1
15 13 0
15 13 1
15 13 2
16 -12 0
16 -11 -4
16 -11 -3
16 -11 -2
16 -11 -1
16 -11 0
16 -11 1
16 -11 2
16 -11 3
16 -11 4
16 -10 -6
16 -10 -5
16 -10 -4
16 -10 4
16 -10 5
16 -10 6
16 -9 -7
16 -9 -6
16 -9 6
16 -9 7
16 -8 -8
16 -8 -7
16 -8 7
16 -8 8
16 -7 -9
16 -7 -8
16 -7 8
16 -7 9
16 -6 -10
16 -6 -9
16 -6 9
16 -6 10
16 -5 -10
16 -5 10
16 -4 -11
16 -4 -10
16 -4 10
16 -4 11
16 -3 -11
16 -3 11
16 -2 -11
16 -2 11
16 -1 -11
16 -1 11
16 0 -12
16 0 -11
16 0 11
16 0 12
16 1 -11
16 1 11
16 2 -11
16 2 11
16 3 -11
16 3 11
16 4 -11
16 4 -10
16 4 10
16 4 11
16 5 -10
16 5 10
16 6 -10
16 6 -9
16 6 9
16 6 10
16 7 -9
16 7 -8
16 7 8
16 7 9
16 8 -8
16 8 -7
16 8 7
16 8 8
16 9 -7
16 9 -6
16 9 6
16 9 7
16 10 -6
16 10 -5
16 10 -4
16 10 4
16 10 5
16 10 6
16 11 -4
16 11 -3
16 11 -2
16 11 -1
16 11 0
16 11 1
16 11 2
16 11 3
16 11 4
16 12 0
17 -10 -3
17 -10 -2
17 -10 -1
17 -10 0
17 -10 1
17 -10 2
17 -10 3
17 -9 -5
17 -9 -4
17 -9 -3
17 -9 -2
17 -9 -1
17 -9 0
17 -9 1
17 -9 2
17 -9 3
17 -9 4
17 -9 5
17 -8 -6
17 -8 -5
17 -8 -4
17 -8 4
17 -8 5
17 -8 6
17 -7 -7
17 -7 -6
17 -7 6
17 -7 7
17 -6 -8
17 -6 -7
17 -6 7
17 -6 8
17 -5 -9
17 -5 -8
17 -5 8
17 -5 9
17 -4 -9
17 -4 -8
17 -4 8
17 -4 9
17 -3 -10
17 -3 -9
17 -3 9
17 -3 10
17 -2 -10
17 -2 -9
17 -2 9
17 -2 10
17 -1 -10
17 -1 -9
17 -1 9
17 -1 10
17 0 -10
17 0 -9
17 0 9
17 0 10
17 1 -10
17 1 -9
17 1 9
17 1 10
17 2 -10
17 2 -9
17 2 9
17 2 10
17 3 -10
17 3 -9
17 3 9
17 3 10
17 4 -9
17 4 -8
17 4 8
17 4 9
17 5 -9
17 5 -8
17 5 8
17 5 9
17 6 -8
17 6 -7
17 6 7
17 6 8
17 7 -7
17 7 -6
17 7 6
17 7 7
17 8 -6
17 8 -5
17 8 -4
17 8 4
17 8 5
17 8 6
17 9 -5
17 9 -4
17 9 -3
17 9 -2
17 9 -1
17 9 0
17 9 1
17 9 2
17 9 3
17 9 4
17 9 5
17 10 -3
17 10 -2
17 10 -1
17 10 0
17 10 1
17 10 2
17 10 3
18 -8 -3
18 -8 -2
18 -8 -1
18 -8 0
18 -8 1
18 -8 2
18 -8 3
18 -7 -5
18 -7 -4
18 -7 -3
18 -7 -2
18 -7 -1
18 -7 0
18 -7 1
18 -7 2
18 -7 3
18 -7 4
18 -7 5
18 -6 -6
18 -6 -5
18 -6 -4
18 -6 -3
18 -6 -2
18 -6 2
18 -6 3
18 -6 4
18 -6 5
18 -6 6
18 -5 -7
18 -5 -6
18 -5 -5
18 -5 -4
18 -5 4
18 -5 5
18 -5 6
18 -5 7
18 -4 -7
18 -4 -6
18 -4 -5
18 -4 5
18 -4 6
18 -4 7
18 -3 -8
18 -3 -7
18 -3 -6
18 -3 6
18 -3 7
18 -3 8
18 -2 -8
18 -2 -7
18 -2 -6
18 -2 6
18 -2 7
18 -2 8
18 -1 -8
18 -1 -7
18 -1 7
18 -1 8
18 0 -8
18 0 -7
18 0 7
18 0 8
18 1 -8
18 1 -7
18 1 7
18 1 8
18 2 -8
18 2 -7
18 2 -6
18 2 6
18 2 7
18 2 8
18 3 -8
18 3 -7
18 3 -6
18 3 6
18 3 7
18 3 8
18 4 -7
18 4 -6
18 4 -5
18 4 5
18 4 6
18 4 7
18 5 -7
18 5 -6
18 5 -5
18 5 -4
18 5 4
18 5 5
18 5 6
18 5 7
18 6 -6
18 6 -5
18 6 -4
18 6 -3
18 6 -2
18 6 2
18 6 3
18 6 4
18 6 5
18 6 6
18 7 -5
18 7 -4
18 7 -3
18 7 -2
18 7 -1
18 7 0
18 7 1
18 7 2
18 7 3
18 7 4
18 7 5
18 8 -3
18 8 -2
18 8 -1
18 8 0
18 8 1
18 8 2
18 8 3
19 -6 -1
19 -6 0
19 -6 1
19 -5 -3
19 -5 -2
19 -5 -1
19 -5 0
19 -5 1
19 -5 2
19 -5 3
19 -4 -4
19 -4 -3
19 -4 -2
19 -4 -1
19 -4 0
19 -4 1
19 -4 2
19 -4 3
19 -4 4
19 -3 -5
19 -3 -4
19 -3 -3
19 -3 -2
19 -3 -1
19 -3 0
19 -3 1
19 -3 2
19 -3 3
19 -3 4
19 -3 5
19 -2 -5
19 -2 -4
19 -2 -3
19 -2 -2
19 -2 -1
19 -2 0
19 -2 1
19 -2 2
19 -2 3
19 -2 4
19 -2 5
19 -1 -6
19 -1 -5
19 -1 -4
19 -1 -3
19 -1 -2
19 -1 -1
19 -1 0
19 -1 1
19 -1 2
19 -1 3
19 -1 4
19 -1 5
19 -1 6
19 0 -6
19 0 -5
19 0 -4
19 0 -3
19 0 -2
19 0 -1
19 0 1
19 0 2
19 0 3
19 0 4
19 0 5
19 0 6
19 1 -6
19 1 -5
19 1 -4
19 1 -3
19 1 -2
19 1 -1
19 1 0
19 1 1
19 1 2
19 1 3
19 1 4
19 1 5
19 1 6
19 2 -5
19 2 -4
19 2 -3
19 2 -2
19 2 -1
19 2 0
19 2 1
19 2 2
19 2 3
19 2 4
19 2 5
19 3 -5
19 3 -4
19 3 -3
19 3 -2
19 3 -1
19 3 0
19 3 1
19 3 2
19 3 3
19 3 4
19 3 5
19 4 -4
19 4 -3
19 4 -2
19 4 -1
19 4 0
19 4 1
19 4 2
19 4 3
19 4 4
19 5 -3
19 5 -2
19 5 -1
19 5 0
19 5 1
19 5 2
19 5 3
19 6 -1
19 6 0
19 6 1
20 0 0
