-16 -16 -16
-16 -16 -15
-16 -16 -14
-16 -16 -13
-16 -16 -12
-16 -16 -11
-16 -16 -10
-16 -16 -9
-16 -16 -8
-16 -16 -7
-16 -16 -6
-16 -16 -5
-16 -16 -4
-16 -16 -3
-16 -16 -2
-16 -16 -1
-16 -16 0
-16 -16 1
-16 -16 2
-16 -16 3
-16 -16 4
-16 -16 5
-16 -16 6
-16 -16 7
-16 -16 8
-16 -16 9
-16 -16 10
-16 -16 11
-16 -16 12
-16 -16 13
-16 -16 14
-16 -16 15
-16 -16 16
-16 -15 -16
-16 -15 -15
-16 -15 -14
-16 -15 -13
-16 -15 -12
-16 -15 -11
-16 -15 -10
-16 -15 -9
-16 -15 -8
-16 -15 -7
-16 -15 -6
-16 -15 -5
-16 -15 -4
-16 -15 -3
-16 -15 -2
-16 -15 -1
-16 -15 0
-16 -15 1
-16 -15 2
-16 -15 3
-16 -15 4
-16 -15 5
-16 -15 6
-16 -15 7
-16 -15 8
-16 -15 9
-16 -15 10
-16 -15 11
-16 -15 12
-16 -15 13
-16 -15 14
-16 -15 15
-16 -15 16
-16 -14 -16
-16 -14 -15
-16 -14 -14
-16 -14 -13
-16 -14 -12
-16 -14 -11
-16 -14 -10
-16 -14 -9
-16 -14 -8
-16 -14 -7
-16 -14 -6
-16 -14 -5
-16 -14 -4
-16 -14 -3
-16 -14 -2
-16 -14 -1
-16 -14 0
-16 -14 1
-16 -14 2
-16 -14 3
-16 -14 4
-16 -14 5
-16 -14 6
-16 -14 7
-16 -14 8
-16 -14 9
-16 -14 10
-16 -14 11
-16 -14 12
-16 -14 13
-16 -14 14
-16 -14 15
-16 -14 16
-16 -13 -16
-16 -13 -15
-16 -13 -14
-16 -13 -13
-16 -13 -12
-16 -13 -11
-16 -13 -10
-16 -13 -9
-16 -13 -8
-16 -13 -7
-16 -13 -6
-16 -13 -5
-16 -13 -4
-16 -13 -3
-16 -13 -2
-16 -13 -1
-16 -13 0
-16 -13 1
-16 -13 2
-16 -13 3
-16 -13 4
-16 -13 5
-16 -13 6
-16 -13 7
-16 -13 8
-16 -13 9
-16 -13 10
-16 -13 11
-16 -13 12
-16 -13 13
-16 -13 14
-16 -13 15
-16 -13 16
-16 -12 -16
-16 -12 -15
-16 -12 -14
-16 -12 -13
-16 -12 -12
-16 -12 -11
-16 -12 -10
-16 -12 -9
-16 -12 -8
-16 -12 -7
-16 -12 -6
-16 -12 -5
-16 -12 -4
-16 -12 -3
-16 -12 -2
-16 -12 -1
-16 -12 0
-16 -12 1
-16 -12 2
-16 -12 3
-16 -12 4
-16 -12 5
-16 -12 6
-16 -12 7
-16 -12 8
-16 -12 9
-16 -12 10
-16 -12 11
-16 -12 12
-16 -12 13
-16 -12 14
-16 -12 15
-16 -12 16
-16 -11 -16
-16 -11 -15
-16 -11 -14
-16 -11 -13
-16 -11 -12
-16 -11 -11
-16 -11 -10
-16 -11 -9
-16 -11 -8
-16 -11 -7
-16 -11 -6
-16 -11 -5
-16 -11 -4
-16 -11 -3
-16 -11 -2
-16 -11 -1
-16 -11 0
-16 -11 1
-16 -11 2
-16 -11 3
-16 -11 4
-16 -11 5
-16 -11 6
-16 -11 7
-16 -11 8
-16 -11 9
-16 -11 10
-16 -11 11
-16 -11 12
-16 -11 13
-16 -11 14
-16 -11 15
-16 -11 16
-16 -10 -16
-16 -10 -15
-16 -10 -14
-16 -10 -13
-16 -10 -12
-16 -10 -11
-16 -10 -10
-16 -10 -9
-16 -10 -8
-16 -10 -7
-16 -10 -6
-16 -10 -5
-16 -10 -4
-16 -10 -3
-16 -10 -2
-16 -10 -1
-16 -10 0
-16 -10 1
-16 -10 2
-16 -10 3
-16 -10 4
-16 -10 5
-16 -10 6
-16 -10 7
-16 -10 8
-16 -10 9
-16 -10 10
-16 -10 11
-16 -10 12
-16 -10 13
-16 -10 14
-16 -10 15
-16 -10 16
-16 -9 -16
-16 -9 -15
-16 -9 -14
-16 -9 -13
-16 -9 -12
-16 -9 -11
-16 -9 -10
-16 -9 -9
-16 -9 -8
-16 -9 -7
-16 -9 -6
-16 -9 -5
-16 -9 -4
-16 -9 -3
-16 -9 -2
-16 -9 -1
-16 -9 0
-16 -9 1
-16 -9 2
-16 -9 3
-16 -9 4
-16 -9 5
-16 -9 6
-16 -9 7
-16 -9 8
-16 -9 9
-16 -9 10
-16 -9 11
-16 -9 12
-16 -9 13
-16 -9 14
-16 -9 15
-16 -9 16
-16 -8 -16
-16 -8 -15
-16 -8 -14
-16 -8 -13
-16 -8 -12
-16 -8 -11
-16 -8 -10
-16 -8 -9
-16 -8 -8
-16 -8 -7
-16 -8 -6
-16 -8 -5
-16 -8 -4
-16 -8 -3
-16 -8 -2
-16 -8 -1
-16 -8 0
-16 -8 1
-16 -8 2
-16 -8 3
-16 -8 4
-16 -8 5
-16 -8 6
-16 -8 7
-16 -8 8
-16 -8 9
-16 -8 10
-16 -8 11
-16 -8 12
-16 -8 13
-16 -8 14
-16 -8 15
-16 -8 16
-16 -7 -16
-16 -7 -15
-16 -7 -14
-16 -7 -13
-16 -7 -12
-16 -7 -11
-16 -7 -10
-16 -7 -9
-16 -7 -8
-16 -7 -7
-16 -7 -6
-16 -7 -5
-16 -7 -4
-16 -7 -3
-16 -7 -2
-16 -7 -1
-16 -7 0
-16 -7 1
-16 -7 2
-16 -7 3
-16 -7 4
-16 -7 5
-16 -7 6
-16 -7 7
-16 -7 8
-16 -7 9
-16 -7 10
-16 -7 11
-16 -7 12
-16 -7 13
-16 -7 14
-16 -7 15
-16 -7 16
-16 -6 -16
-16 -6 -15
-16 -6 -14
-16 -6 -13
-16 -6 -12
-16 -6 -11
-16 -6 -10
-16 -6 -9
-16 -6 -8
-16 -6 -7
-16 -6 -6
-16 -6 -5
-16 -6 -4
-16 -6 -3
-16 -6 -2
-16 -6 -1
-16 -6 0
-16 -6 1
-16 -6 2
-16 -6 3
-16 -6 4
-16 -6 5
-16 -6 6
-16 -6 7
-16 -6 8
-16 -6 9
-16 -6 10
-16 -6 11
-16 -6 12
-16 -6 13
-16 -6 14
-16 -6 15
-16 -6 16
-16 -5 -16
-16 -5 -15
-16 -5 -14
-16 -5 -13
-16 -5 -12
-16 -5 -11
-16 -5 -10
-16 -5 -9
-16 -5 -8
-16 -5 -7
-16 -5 -6
-16 -5 -5
-16 -5 -4
-16 -5 -3
-16 -5 -2
-16 -5 -1
-16 -5 0
-16 -5 1
-16 -5 2
-16 -5 3
-16 -5 4
-16 -5 5
-16 -5 6
-16 -5 7
-16 -5 8
-16 -5 9
-16 -5 10
-16 -5 11
-16 -5 12
-16 -5 13
-16 -5 14
-16 -5 15
-16 -5 16
-16 -4 -16
-16 -4 -15
-16 -4 -14
-16 -4 -13
-16 -4 -12
-16 -4 -11
-16 -4 -10
-16 -4 -9
-16 -4 -8
-16 -4 -7
-16 -4 -6
-16 -4 -5
-16 -4 -4
-16 -4 -3
-16 -4 -2
-16 -4 -1
-16 -4 0
-16 -4 1
-16 -4 2
-16 -4 3
-16 -4 4
-16 -4 5
-16 -4 6
-16 -4 7
-16 -4 8
-16 -4 9
-16 -4 10
-16 -4 11
-16 -4 12
-16 -4 13
-16 -4 14
-16 -4 15
-16 -4 16
-16 -3 -16
-16 -3 -15
-16 -3 -14
-16 -3 -13
-16 -3 -12
-16 -3 -11
-16 -3 -10
-16 -3 -9
-16 -3 -8
-16 -3 -7
-16 -3 -6
-16 -3 -5
-16 -3 -4
-16 -3 -3
-16 -3 -2
-16 -3 -1
-16 -3 0
-16 -3 1
-16 -3 2
-16 -3 3
-16 -3 4
-16 -3 5
-16 -3 6
-16 -3 7
-16 -3 8
-16 -3 9
-16 -3 10
-16 -3 11
-16 -3 12
-16 -3 13
-16 -3 14
-16 -3 15
-16 -3 16
-16 -2 -16
-16 -2 -15
-16 -2 -14
-16 -2 -13
-16 -2 -12
-16 -2 -11
-16 -2 -10
-16 -2 -9
-16 -2 -8
-16 -2 -7
-16 -2 -6
-16 -2 -5
-16 -2 -4
-16 -2 -3
-16 -2 -2
-16 -2 -1
-16 -2 0
-16 -2 1
-16 -2 2
-16 -2 3
-16 -2 4
-16 -2 5
-16 -2 6
-16 -2 7
-16 -2 8
-16 -2 9
-16 -2 10
-16 -2 11
-16 -2 12
-16 -2 13
-16 -2 14
-16 -2 15
-16 -2 16
-16 -1 -16
-16 -1 -15
-16 -1 -14
-16 -1 -13
-16 -1 -12
-16 -1 -11
-16 -1 -10
-16 -1 -9
-16 -1 -8
-16 -1 -7
-16 -1 -6
-16 -1 -5
-16 -1 -4
-16 -1 -3
-16 -1 -2
-16 -1 -1
-16 -1 0
-16 -1 1
-16 -1 2
-16 -1 3
-16 -1 4
-16 -1 5
-16 -1 6
-16 -1 7
-16 -1 8
-16 -1 9
-16 -1 10
-16 -1 11
-16 -1 12
-16 -1 13
-16 -1 14
-16 -1 15
-16 -1 16
-16 0 -16
-16 0 -15
-16 0 -14
-16 0 -13
-16 0 -12
-16 0 -11
-16 0 -10
-16 0 -9
-16 0 -8
-16 0 -7
-16 0 -6
-16 0 -5
-16 0 -4
-16 0 -3
-16 0 -2
-16 0 -1
-16 0 0
-16 0 1
-16 0 2
-16 0 3
-16 0 4
-16 0 5
-16 0 6
-16 0 7
-16 0 8
-16 0 9
-16 0 10
-16 0 11
-16 0 12
-16 0 13
-16 0 14
-16 0 15
-16 0 16
-16 1 -16
-16 1 -15
-16 1 -14
-16 1 -13
-16 1 -12
-16 1 -11
-16 1 -10
-16 1 -9
-16 1 -8
-16 1 -7
-16 1 -6
-16 1 -5
-16 1 -4
-16 1 -3
-16 1 -2
-16 1 -1
-16 1 0
-16 1 1
-16 1 2
-16 1 3
-16 1 4
-16 1 5
-16 1 6
-16 1 7
-16 1 8
-16 1 9
-16 1 10
-16 1 11
-16 1 12
-16 1 13
-16 1 14
-16 1 15
-16 1 16
-16 2 -16
-16 2 -15
-16 2 -14
-16 2 -13
-16 2 -12
-16 2 -11
-16 2 -10
-16 2 -9
-16 2 -8
-16 2 -7
-16 2 -6
-16 2 -5
-16 2 -4
-16 2 -3
-16 2 -2
-16 2 -1
-16 2 0
-16 2 1
-16 2 2
-16 2 3
-16 2 4
-16 2 5
-16 2 6
-16 2 7
-16 2 8
-16 2 9
-16 2 10
-16 2 11
-16 2 12
-16 2 13
-16 2 14
-16 2 15
-16 2 16
-16 3 -16
-16 3 -15
-16 3 -14
-16 3 -13
-16 3 -12
-16 3 -11
-16 3 -10
-16 3 -9
-16 3 -8
-16 3 -7
-16 3 -6
-16 3 -5
-16 3 -4
-16 3 -3
-16 3 -2
-16 3 -1
-16 3 0
-16 3 1
-16 3 2
-16 3 3
-16 3 4
-16 3 5
-16 3 6
-16 3 7
-16 3 8
-16 3 9
-16 3 10
-16 3 11
-16 3 12
-16 3 13
-16 3 14
-16 3 15
-16 3 16
-16 4 -16
-16 4 -15
-16 4 -14
-16 4 -13
-16 4 -12
-16 4 -11
-16 4 -10
-16 4 -9
-16 4 -8
-16 4 -7
-16 4 -6
-16 4 -5
-16 4 -4
-16 4 -3
-16 4 -2
-16 4 -1
-16 4 0
-16 4 1
-16 4 2
-16 4 3
-16 4 4
-16 4 5
-16 4 6
-16 4 7
-16 4 8
-16 4 9
-16 4 10
-16 4 11
-16 4 12
-16 4 13
-16 4 14
-16 4 15
-16 4 16
-16 5 -16
-16 5 -15
-16 5 -14
-16 5 -13
-16 5 -12
-16 5 -11
-16 5 -10
-16 5 -9
-16 5 -8
-16 5 -7
-16 5 -6
-16 5 -5
-16 5 -4
-16 5 -3
-16 5 -2
-16 5 -1
-16 5 0
-16 5 1
-16 5 2
-16 5 3
-16 5 4
-16 5 5
-16 5 6
-16 5 7
-16 5 8
-16 5 9
-16 5 10
-16 5 11
-16 5 12
-16 5 13
-16 5 14
-16 5 15
-16 5 16
-16 6 -16
-16 6 -15
-16 6 -14
-16 6 -13
-16 6 -12
-16 6 -11
-16 6 -10
-16 6 -9
-16 6 -8
-16 6 -7
-16 6 -6
-16 6 -5
-16 6 -4
-16 6 -3
-16 6 -2
-16 6 -1
-16 6 0
-16 6 1
-16 6 2
-16 6 3
-16 6 4
-16 6 5
-16 6 6
-16 6 7
-16 6 8
-16 6 9
-16 6 10
-16 6 11
-16 6 12
-16 6 13
-16 6 14
-16 6 15
-16 6 16
-16 7 -16
-16 7 -15
-16 7 -14
-16 7 -13
-16 7 -12
-16 7 -11
-16 7 -10
-16 7 -9
-16 7 -8
-16 7 -7
-16 7 -6
-16 7 -5
-16 7 -4
-16 7 -3
-16 7 -2
-16 7 -1
-16 7 0
-16 7 1
-16 7 2
-16 7 3
-16 7 4
-16 7 5
-16 7 6
-16 7 7
-16 7 8
-16 7 9
-16 7 10
-16 7 11
-16 7 12
-16 7 13
-16 7 14
-16 7 15
-16 7 16
-16 8 -16
-16 8 -15
-16 8 -14
-16 8 -13
-16 8 -12
-16 8 -11
-16 8 -10
-16 8 -9
-16 8 -8
-16 8 -7
-16 8 -6
-16 8 -5
-16 8 -4
-16 8 -3
-16 8 -2
-16 8 -1
-16 8 0
-16 8 1
-16 8 2
-16 8 3
-16 8 4
-16 8 5
-16 8 6
-16 8 7
-16 8 8
-16 8 9
-16 8 10
-16 8 11
-16 8 12
-16 8 13
-16 8 14
-16 8 15
-16 8 16
-16 9 -16
-16 9 -15
-16 9 -14
-16 9 -13
-16 9 -12
-16 9 -11
-16 9 -10
-16 9 -9
-16 9 -8
-16 9 -7
-16 9 -6
-16 9 -5
-16 9 -4
-16 9 -3
-16 9 -2
-16 9 -1
-16 9 0
-16 9 1
-16 9 2
-16 9 3
-16 9 4
-16 9 5
-16 9 6
-16 9 7
-16 9 8
-16 9 9
-16 9 10
-16 9 11
-16 9 12
-16 9 13
-16 9 14
-16 9 15
-16 9 16
-16 10 -16
-16 10 -15
-16 10 -14
-16 10 -13
-16 10 -12
-16 10 -11
-16 10 -10
-16 10 -9
-16 10 -8
-16 10 -7
-16 10 -6
-16 10 -5
-16 10 -4
-16 10 -3
-16 10 -2
-16 10 -1
-16 10 0
-16 10 1
-16 10 2
-16 10 3
-16 10 4
-16 10 5
-16 10 6
-16 10 7
-16 10 8
-16 10 9
-16 10 10
-16 10 11
-16 10 12
-16 10 13
-16 10 14
-16 10 15
-16 10 16
-16 11 -16
-16 11 -15
-16 11 -14
-16 11 -13
-16 11 -12
-16 11 -11
-16 11 -10
-16 11 -9
-16 11 -8
-16 11 -7
-16 11 -6
-16 11 -5
-16 11 -4
-16 11 -3
-16 11 -2
-16 11 -1
-16 11 0
-16 11 1
-16 11 2
-16 11 3
-16 11 4
-16 11 5
-16 11 6
-16 11 7
-16 11 8
-16 11 9
-16 11 10
-16 11 11
-16 11 12
-16 11 13
-16 11 14
-16 11 15
-16 11 16
-16 12 -16
-16 12 -15
-16 12 -14
-16 12 -13
-16 12 -12
-16 12 -11
-16 12 -10
-16 12 -9
-16 12 -8
-16 12 -7
-16 12 -6
-16 12 -5
-16 12 -4
-16 12 -3
-16 12 -2
-16 12 -1
-16 12 0
-16 12 1
-16 12 2
-16 12 3
-16 12 4
-16 12 5
-16 12 6
-16 12 7
-16 12 8
-16 12 9
-16 12 10
-16 12 11
-16 12 12
-16 12 13
-16 12 14
-16 12 15
-16 12 16
-16 13 -16
-16 13 -15
-16 13 -14
-16 13 -13
-16 13 -12
-16 13 -11
-16 13 -10
-16 13 -9
-16 13 -8
-16 13 -7
-16 13 -6
-16 13 -5
-16 13 -4
-16 13 -3
-16 13 -2
-16 13 -1
-16 13 0
-16 13 1
-16 13 2
-16 13 3
-16 13 4
-16 13 5
-16 13 6
-16 13 7
-16 13 8
-16 13 9
-16 13 10
-16 13 11
-16 13 12
-16 13 13
-16 13 14
-16 13 15
-16 13 16
-16 14 -16
-16 14 -15
-16 14 -14
-16 14 -13
-16 14 -12
-16 14 -11
-16 14 -10
-16 14 -9
-16 14 -8
-16 14 -7
-16 14 -6
-16 14 -5
-16 14 -4
-16 14 -3
-16 14 -2
-16 14 -1
-16 14 0
-16 14 1
-16 14 2
-16 14 3
-16 14 4
-16 14 5
-16 14 6
-16 14 7
-16 14 8
-16 14 9
-16 14 10
-16 14 11
-16 14 12
-16 14 13
-16 14 14
-16 14 15
-16 14 16
-16 15 -16
-16 15 -15
-16 15 -14
-16 15 -13
-16 15 -12
-16 15 -11
-16 15 -10
-16 15 -9
-16 15 -8
-16 15 -7
-16 15 -6
-16 15 -5
-16 15 -4
-16 15 -3
-16 15 -2
-16 15 -1
-16 15 0
-16 15 1
-16 15 2
-16 15 3
-16 15 4
-16 15 5
-16 15 6
-16 15 7
-16 15 8
-16 15 9
-16 15 10
-16 15 11
-16 15 12
-16 15 13
-16 15 14
-16 15 15
-16 15 16
-16 16 -16
-16 16 -15
-16 16 -14
-16 16 -13
-16 16 -12
-16 16 -11
-16 16 -10
-16 16 -9
-16 16 -8
-16 16 -7
-16 16 -6
-16 16 -5
-16 16 -4
-16 16 -3
-16 16 -2
-16 16 -1
-16 16 0
-16 16 1
-16 16 2
-16 16 3
-16 16 4
-16 16 5
-16 16 6
-16 16 7
-16 16 8
-16 16 9
-16 16 10
-16 16 11
-16 16 12
-16 16 13
-16 16 14
-16 16 15
-16 16 16
-15 -16 -16
-15 -16 -15
-15 -16 -14
-15 -16 -13
-15 -16 -12
-15 -16 -11
-15 -16 -10
-15 -16 -9
-15 -16 -8
-15 -16 -7
-15 -16 -6
-15 -16 -5
-15 -16 -4
-15 -16 -3
-15 -16 -2
-15 -16 -1
-15 -16 0
-15 -16 1
-15 -16 2
-15 -16 3
-15 -16 4
-15 -16 5
-15 -16 6
-15 -16 7
-15 -16 8
-15 -16 9
-15 -16 10
-15 -16 11
-15 -16 12
-15 -16 13
-15 -16 14
-15 -16 15
-15 -16 16
-15 -15 -16
-15 -15 16
-15 -14 -16
-15 -14 16
-15 -13 -16
-15 -13 16
-15 -12 -16
-15 -12 16
-15 -11 -16
-15 -11 16
-15 -10 -16
-15 -10 16
-15 -9 -16
-15 -9 16
-15 -8 -16
-15 -8 16
-15 -7 -16
-15 -7 16
-15 -6 -16
-15 -6 16
-15 -5 -16
-15 -5 16
-15 -4 -16
-15 -4 16
-15 -3 -16
-15 -3 16
-15 -2 -16
-15 -2 16
-15 -1 -16
-15 -1 16
-15 0 -16
-15 0 16
-15 1 -16
-15 1 16
-15 2 -16
-15 2 16
-15 3 -16
-15 3 16
-15 4 -16
-15 4 16
-15 5 -16
-15 5 16
-15 6 -16
-15 6 16
-15 7 -16
-15 7 16
-15 8 -16
-15 8 16
-15 9 -16
-15 9 16
-15 10 -16
-15 10 16
-15 11 -16
-15 11 16
-15 12 -16
-15 12 16
-15 13 -16
-15 13 16
-15 14 -16
-15 14 16
-15 15 -16
-15 15 16
-15 16 -16
-15 16 -15
-15 16 -14
-15 16 -13
-15 16 -12
-15 16 -11
-15 16 -10
-15 16 -9
-15 16 -8
-15 16 -7
-15 16 -6
-15 16 -5
-15 16 -4
-15 16 -3
-15 16 -2
-15 16 -1
-15 16 0
-15 16 1
-15 16 2
-15 16 3
-15 16 4
-15 16 5
-15 16 6
-15 16 7
-15 16 8
-15 16 9
-15 16 10
-15 16 11
-15 16 12
-15 16 13
-15 16 14
-15 16 15
-15 16 16
-14 -16 -16
-14 -16 -15
-14 -16 -14
-14 -16 -13
-14 -16 -12
-14 -16 -11
-14 -16 -10
-14 -16 -9
-14 -16 -8
-14 -16 -7
-14 -16 -6
-14 -16 -5
-14 -16 -4
-14 -16 -3
-14 -16 -2
-14 -16 -1
-14 -16 0
-14 -16 1
-14 -16 2
-14 -16 3
-14 -16 4
-14 -16 5
-14 -16 6
-14 -16 7
-14 -16 8
-14 -16 9
-14 -16 10
-14 -16 11
-14 -16 12
-14 -16 13
-14 -16 14
-14 -16 15
-14 -16 16
-14 -15 -16
-14 -15 16
-14 -14 -16
-14 -14 16
-14 -13 -16
-14 -13 16
-14 -12 -16
-14 -12 16
-14 -11 -16
-14 -11 16
-14 -10 -16
-14 -10 16
-14 -9 -16
-14 -9 16
-14 -8 -16
-14 -8 16
-14 -7 -16
-14 -7 16
-14 -6 -16
-14 -6 16
-14 -5 -16
-14 -5 16
-14 -4 -16
-14 -4 16
-14 -3 -16
-14 -3 16
-14 -2 -16
-14 -2 16
-14 -1 -16
-14 -1 16
-14 0 -16
-14 0 16
-14 1 -16
-14 1 16
-14 2 -16
-14 2 16
-14 3 -16
-14 3 16
-14 4 -16
-14 4 16
-14 5 -16
-14 5 16
-14 6 -16
-14 6 16
-14 7 -16
-14 7 16
-14 8 -16
-14 8 16
-14 9 -16
-14 9 16
-14 10 -16
-14 10 16
-14 11 -16
-14 11 16
-14 12 -16
-14 12 16
-14 13 -16
-14 13 16
-14 14 -16
-14 14 16
-14 15 -16
-14 15 16
-14 16 -16
-14 16 -15
-14 16 -14
-14 16 -13
-14 16 -12
-14 16 -11
-14 16 -10
-14 16 -9
-14 16 -8
-14 16 -7
-14 16 -6
-14 16 -5
-14 16 -4
-14 16 -3
-14 16 -2
-14 16 -1
-14 16 0
-14 16 1
-14 16 2
-14 16 3
-14 16 4
-14 16 5
-14 16 6
-14 16 7
-14 16 8
-14 16 9
-14 16 10
-14 16 11
-14 16 12
-14 16 13
-14 16 14
-14 16 15
-14 16 16
-13 -16 -16
-13 -16 -15
-13 -16 -14
-13 -16 -13
-13 -16 -12
-13 -16 -11
-13 -16 -10
-13 -16 -9
-13 -16 -8
-13 -16 -7
-13 -16 -6
-13 -16 -5
-13 -16 -4
-13 -16 -3
-13 -16 -2
-13 -16 -1
-13 -16 0
-13 -16 1
-13 -16 2
-13 -16 3
-13 -16 4
-13 -16 5
-13 -16 6
-13 -16 7
-13 -16 8
-13 -16 9
-13 -16 10
-13 -16 11
-13 -16 12
-13 -16 13
-13 -16 14
-13 -16 15
-13 -16 16
-13 -15 -16
-13 -15 16
-13 -14 -16
-13 -14 16
-13 -13 -16
-13 -13 16
-13 -12 -16
-13 -12 16
-13 -11 -16
-13 -11 16
-13 -10 -16
-13 -10 16
-13 -9 -16
-13 -9 16
-13 -8 -16
-13 -8 16
-13 -7 -16
-13 -7 16
-13 -6 -16
-13 -6 16
-13 -5 -16
-13 -5 16
-13 -4 -16
-13 -4 16
-13 -3 -16
-13 -3 16
-13 -2 -16
-13 -2 16
-13 -1 -16
-13 -1 16
-13 0 -16
-13 0 16
-13 1 -16
-13 1 16
-13 2 -16
-13 2 16
-13 3 -16
-13 3 16
-13 4 -16
-13 4 16
-13 5 -16
-13 5 16
-13 6 -16
-13 6 16
-13 7 -16
-13 7 16
-13 8 -16
-13 8 16
-13 9 -16
-13 9 16
-13 10 -16
-13 10 16
-13 11 -16
-13 11 16
-13 12 -16
-13 12 16
-13 13 -16
-13 13 16
-13 14 -16
-13 14 16
-13 15 -16
-13 15 16
-13 16 -16
-13 16 -15
-13 16 -14
-13 16 -13
-13 16 -12
-13 16 -11
-13 16 -10
-13 16 -9
-13 16 -8
-13 16 -7
-13 16 -6
-13 16 -5
-13 16 -4
-13 16 -3
-13 16 -2
-13 16 -1
-13 16 0
-13 16 1
-13 16 2
-13 16 3
-13 16 4
-13 16 5
-13 16 6
-13 16 7
-13 16 8
-13 16 9
-13 16 10
-13 16 11
-13 16 12
-13 16 13
-13 16 14
-13 16 15
-13 16 16
-12 -16 -16
-12 -16 -15
-12 -16 -14
-12 -16 -13
-12 -16 -12
-12 -16 -11
-12 -16 -10
-12 -16 -9
-12 -16 -8
-12 -16 -7
-12 -16 -6
-12 -16 -5
-12 -16 -4
-12 -16 -3
-12 -16 -2
-12 -16 -1
-12 -16 0
-12 -16 1
-12 -16 2
-12 -16 3
-12 -16 4
-12 -16 5
-12 -16 6
-12 -16 7
-12 -16 8
-12 -16 9
-12 -16 10
-12 -16 11
-12 -16 12
-12 -16 13
-12 -16 14
-12 -16 15
-12 -16 16
-12 -15 -16
-12 -15 16
-12 -14 -16
-12 -14 16
-12 -13 -16
-12 -13 16
-12 -12 -16
-12 -12 16
-12 -11 -16
-12 -11 16
-12 -10 -16
-12 -10 16
-12 -9 -16
-12 -9 16
-12 -8 -16
-12 -8 16
-12 -7 -16
-12 -7 16
-12 -6 -16
-12 -6 16
-12 -5 -16
-12 -5 16
-12 -4 -16
-12 -4 16
-12 -3 -16
-12 -3 16
-12 -2 -16
-12 -2 16
-12 -1 -16
-12 -1 16
-12 0 -16
-12 0 16
-12 1 -16
-12 1 16
-12 2 -16
-12 2 16
-12 3 -16
-12 3 16
-12 4 -16
-12 4 16
-12 5 -16
-12 5 16
-12 6 -16
-12 6 16
-12 7 -16
-12 7 16
-12 8 -16
-12 8 16
-12 9 -16
-12 9 16
-12 10 -16
-12 10 16
-12 11 -16
-12 11 16
-12 12 -16
-12 12 16
-12 13 -16
-12 13 16
-12 14 -16
-12 14 16
-12 15 -16
-12 15 16
-12 16 -16
-12 16 -15
-12 16 -14
-12 16 -13
-12 16 -12
-12 16 -11
-12 16 -10
-12 16 -9
-12 16 -8
-12 16 -7
-12 16 -6
-12 16 -5
-12 16 -4
-12 16 -3
-12 16 -2
-12 16 -1
-12 16 0
-12 16 1
-12 16 2
-12 16 3
-12 16 4
-12 16 5
-12 16 6
-12 16 7
-12 16 8
-12 16 9
-12 16 10
-12 16 11
-12 16 12
-12 16 13
-12 16 14
-12 16 15
-12 16 16
-11 -16 -16
-11 -16 -15
-11 -16 -14
-11 -16 -13
-11 -16 -12
-11 -16 -11
-11 -16 -10
-11 -16 -9
-11 -16 -8
-11 -16 -7
-11 -16 -6
-11 -16 -5
-11 -16 -4
-11 -16 -3
-11 -16 -2
-11 -16 -1
-11 -16 0
-11 -16 1
-11 -16 2
-11 -16 3
-11 -16 4
-11 -16 5
-11 -16 6
-11 -16 7
-11 -16 8
-11 -16 9
-11 -16 10
-11 -16 11
-11 -16 12
-11 -16 13
-11 -16 14
-11 -16 15
-11 -16 16
-11 -15 -16
-11 -15 16
-11 -14 -16
-11 -14 16
-11 -13 -16
-11 -13 16
-11 -12 -16
-11 -12 16
-11 -11 -16
-11 -11 16
-11 -10 -16
-11 -10 16
-11 -9 -16
-11 -9 16
-11 -8 -16
-11 -8 16
-11 -7 -16
-11 -7 16
-11 -6 -16
-11 -6 16
-11 -5 -16
-11 -5 16
-11 -4 -16
-11 -4 16
-11 -3 -16
-11 -3 16
-11 -2 -16
-11 -2 16
-11 -1 -16
-11 -1 16
-11 0 -16
-11 0 16
-11 1 -16
-11 1 16
-11 2 -16
-11 2 16
-11 3 -16
-11 3 16
-11 4 -16
-11 4 16
-11 5 -16
-11 5 16
-11 6 -16
-11 6 16
-11 7 -16
-11 7 16
-11 8 -16
-11 8 16
-11 9 -16
-11 9 16
-11 10 -16
-11 10 16
-11 11 -16
-11 11 16
-11 12 -16
-11 12 16
-11 13 -16
-11 13 16
-11 14 -16
-11 14 16
-11 15 -16
-11 15 16
-11 16 -16
-11 16 -15
-11 16 -14
-11 16 -13
-11 16 -12
-11 16 -11
-11 16 -10
-11 16 -9
-11 16 -8
-11 16 -7
-11 16 -6
-11 16 -5
-11 16 -4
-11 16 -3
-11 16 -2
-11 16 -1
-11 16 0
-11 16 1
-11 16 2
-11 16 3
-11 16 4
-11 16 5
-11 16 6
-11 16 7
-11 16 8
-11 16 9
-11 16 10
-11 16 11
-11 16 12
-11 16 13
-11 16 14
-11 16 15
-11 16 16
-10 -16 -16
-10 -16 -15
-10 -16 -14
-10 -16 -13
-10 -16 -12
-10 -16 -11
-10 -16 -10
-10 -16 -9
-10 -16 -8
-10 -16 -7
-10 -16 -6
-10 -16 -5
-10 -16 -4
-10 -16 -3
-10 -16 -2
-10 -16 -1
-10 -16 0
-10 -16 1
-10 -16 2
-10 -16 3
-10 -16 4
-10 -16 5
-10 -16 6
-10 -16 7
-10 -16 8
-10 -16 9
-10 -16 10
-10 -16 11
-10 -16 12
-10 -16 13
-10 -16 14
-10 -16 15
-10 -16 16
-10 -15 -16
-10 -15 16
-10 -14 -16
-10 -14 16
-10 -13 -16
-10 -13 16
-10 -12 -16
-10 -12 16
-10 -11 -16
-10 -11 16
-10 -10 -16
-10 -10 16
-10 -9 -16
-10 -9 16
-10 -8 -16
-10 -8 16
-10 -7 -16
-10 -7 16
-10 -6 -16
-10 -6 16
-10 -5 -16
-10 -5 16
-10 -4 -16
-10 -4 16
-10 -3 -16
-10 -3 16
-10 -2 -16
-10 -2 16
-10 -1 -16
-10 -1 16
-10 0 -16
-10 0 16
-10 1 -16
-10 1 16
-10 2 -16
-10 2 16
-10 3 -16
-10 3 16
-10 4 -16
-10 4 16
-10 5 -16
-10 5 16
-10 6 -16
-10 6 16
-10 7 -16
-10 7 16
-10 8 -16
-10 8 16
-10 9 -16
-10 9 16
-10 10 -16
-10 10 16
-10 11 -16
-10 11 16
-10 12 -16
-10 12 16
-10 13 -16
-10 13 16
-10 14 -16
-10 14 16
-10 15 -16
-10 15 16
-10 16 -16
-10 16 -15
-10 16 -14
-10 16 -13
-10 16 -12
-10 16 -11
-10 16 -10
-10 16 -9
-10 16 -8
-10 16 -7
-10 16 -6
-10 16 -5
-10 16 -4
-10 16 -3
-10 16 -2
-10 16 -1
-10 16 0
-10 16 1
-10 16 2
-10 16 3
-10 16 4
-10 16 5
-10 16 6
-10 16 7
-10 16 8
-10 16 9
-10 16 10
-10 16 11
-10 16 12
-10 16 13
-10 16 14
-10 16 15
-10 16 16
-9 -16 -16
-9 -16 -15
-9 -16 -14
-9 -16 -13
-9 -16 -12
-9 -16 -11
-9 -16 -10
-9 -16 -9
-9 -16 -8
-9 -16 -7
-9 -16 -6
-9 -16 -5
-9 -16 -4
-9 -16 -3
-9 -16 -2
-9 -16 -1
-9 -16 0
-9 -16 1
-9 -16 2
-9 -16 3
-9 -16 4
-9 -16 5
-9 -16 6
-9 -16 7
-9 -16 8
-9 -16 9
-9 -16 10
-9 -16 11
-9 -16 12
-9 -16 13
-9 -16 14
-9 -16 15
-9 -16 16
-9 -15 -16
-9 -15 16
-9 -14 -16
-9 -14 16
-9 -13 -16
-9 -13 16
-9 -12 -16
-9 -12 16
-9 -11 -16
-9 -11 16
-9 -10 -16
-9 -10 16
-9 -9 -16
-9 -9 16
-9 -8 -16
-9 -8 16
-9 -7 -16
-9 -7 16
-9 -6 -16
-9 -6 16
-9 -5 -16
-9 -5 16
-9 -4 -16
-9 -4 16
-9 -3 -16
-9 -3 16
-9 -2 -16
-9 -2 16
-9 -1 -16
-9 -1 16
-9 0 -16
-9 0 16
-9 1 -16
-9 1 16
-9 2 -16
-9 2 16
-9 3 -16
-9 3 16
-9 4 -16
-9 4 16
-9 5 -16
-9 5 16
-9 6 -16
-9 6 16
-9 7 -16
-9 7 16
-9 8 -16
-9 8 16
-9 9 -16
-9 9 16
-9 10 -16
-9 10 16
-9 11 -16
-9 11 16
-9 12 -16
-9 12 16
-9 13 -16
-9 13 16
-9 14 -16
-9 14 16
-9 15 -16
-9 15 16
-9 16 -16
-9 16 -15
-9 16 -14
-9 16 -13
-9 16 -12
-9 16 -11
-9 16 -10
-9 16 -9
-9 16 -8
-9 16 -7
-9 16 -6
-9 16 -5
-9 16 -4
-9 16 -3
-9 16 -2
-9 16 -1
-9 16 0
-9 16 1
-9 16 2
-9 16 3
-9 16 4
-9 16 5
-9 16 6
-9 16 7
-9 16 8
-9 16 9
-9 16 10
-9 16 11
-9 16 12
-9 16 13
-9 16 14
-9 16 15
-9 16 16
-8 -16 -16
-8 -16 -15
-8 -16 -14
-8 -16 -13
-8 -16 -12
-8 -16 -11
-8 -16 -10
-8 -16 -9
-8 -16 -8
-8 -16 -7
-8 -16 -6
-8 -16 -5
-8 -16 -4
-8 -16 -3
-8 -16 -2
-8 -16 -1
-8 -16 0
-8 -16 1
-8 -16 2
-8 -16 3
-8 -16 4
-8 -16 5
-8 -16 6
-8 -16 7
-8 -16 8
-8 -16 9
-8 -16 10
-8 -16 11
-8 -16 12
-8 -16 13
-8 -16 14
-8 -16 15
-8 -16 16
-8 -15 -16
-8 -15 16
-8 -14 -16
-8 -14 16
-8 -13 -16
-8 -13 16
-8 -12 -16
-8 -12 16
-8 -11 -16
-8 -11 16
-8 -10 -16
-8 -10 16
-8 -9 -16
-8 -9 16
-8 -8 -16
-8 -8 16
-8 -7 -16
-8 -7 16
-8 -6 -16
-8 -6 16
-8 -5 -16
-8 -5 16
-8 -4 -16
-8 -4 16
-8 -3 -16
-8 -3 16
-8 -2 -16
-8 -2 16
-8 -1 -16
-8 -1 16
-8 0 -16
-8 0 16
-8 1 -16
-8 1 16
-8 2 -16
-8 2 16
-8 3 -16
-8 3 16
-8 4 -16
-8 4 16
-8 5 -16
-8 5 16
-8 6 -16
-8 6 16
-8 7 -16
-8 7 16
-8 8 -16
-8 8 16
-8 9 -16
-8 9 16
-8 10 -16
-8 10 16
-8 11 -16
-8 11 16
-8 12 -16
-8 12 16
-8 13 -16
-8 13 16
-8 14 -16
-8 14 16
-8 15 -16
-8 15 16
-8 16 -16
-8 16 -15
-8 16 -14
-8 16 -13
-8 16 -12
-8 16 -11
-8 16 -10
-8 16 -9
-8 16 -8
-8 16 -7
-8 16 -6
-8 16 -5
-8 16 -4
-8 16 -3
-8 16 -2
-8 16 -1
-8 16 0
-8 16 1
-8 16 2
-8 16 3
-8 16 4
-8 16 5
-8 16 6
-8 16 7
-8 16 8
-8 16 9
-8 16 10
-8 16 11
-8 16 12
-8 16 13
-8 16 14
-8 16 15
-8 16 16
-7 -16 -16
-7 -16 -15
-7 -16 -14
-7 -16 -13
-7 -16 -12
-7 -16 -11
-7 -16 -10
-7 -16 -9
-7 -16 -8
-7 -16 -7
-7 -16 -6
-7 -16 -5
-7 -16 -4
-7 -16 -3
-7 -16 -2
-7 -16 -1
-7 -16 0
-7 -16 1
-7 -16 2
-7 -16 3
-7 -16 4
-7 -16 5
-7 -16 6
-7 -16 7
-7 -16 8
-7 -16 9
-7 -16 10
-7 -16 11
-7 -16 12
-7 -16 13
-7 -16 14
-7 -16 15
-7 -16 16
-7 -15 -16
-7 -15 16
-7 -14 -16
-7 -14 16
-7 -13 -16
-7 -13 16
-7 -12 -16
-7 -12 16
-7 -11 -16
-7 -11 16
-7 -10 -16
-7 -10 16
-7 -9 -16
-7 -9 16
-7 -8 -16
-7 -8 16
-7 -7 -16
-7 -7 16
-7 -6 -16
-7 -6 16
-7 -5 -16
-7 -5 16
-7 -4 -16
-7 -4 16
-7 -3 -16
-7 -3 16
-7 -2 -16
-7 -2 16
-7 -1 -16
-7 -1 16
-7 0 -16
-7 0 16
-7 1 -16
-7 1 16
-7 2 -16
-7 2 16
-7 3 -16
-7 3 16
-7 4 -16
-7 4 16
-7 5 -16
-7 5 16
-7 6 -16
-7 6 16
-7 7 -16
-7 7 16
-7 8 -16
-7 8 16
-7 9 -16
-7 9 16
-7 10 -16
-7 10 16
-7 11 -16
-7 11 16
-7 12 -16
-7 12 16
-7 13 -16
-7 13 16
-7 14 -16
-7 14 16
-7 15 -16
-7 15 16
-7 16 -16
-7 16 -15
-7 16 -14
-7 16 -13
-7 16 -12
-7 16 -11
-7 16 -10
-7 16 -9
-7 16 -8
-7 16 -7
-7 16 -6
-7 16 -5
-7 16 -4
-7 16 -3
-7 16 -2
-7 16 -1
-7 16 0
-7 16 1
-7 16 2
-7 16 3
-7 16 4
-7 16 5
-7 16 6
-7 16 7
-7 16 8
-7 16 9
-7 16 10
-7 16 11
-7 16 12
-7 16 13
-7 16 14
-7 16 15
-7 16 16
-6 -16 -16
-6 -16 -15
-6 -16 -14
-6 -16 -13
-6 -16 -12
-6 -16 -11
-6 -16 -10
-6 -16 -9
-6 -16 -8
-6 -16 -7
-6 -16 -6
-6 -16 -5
-6 -16 -4
-6 -16 -3
-6 -16 -2
-6 -16 -1
-6 -16 0
-6 -16 1
-6 -16 2
-6 -16 3
-6 -16 4
-6 -16 5
-6 -16 6
-6 -16 7
-6 -16 8
-6 -16 9
-6 -16 10
-6 -16 11
-6 -16 12
-6 -16 13
-6 -16 14
-6 -16 15
-6 -16 16
-6 -15 -16
-6 -15 16
-6 -14 -16
-6 -14 16
-6 -13 -16
-6 -13 16
-6 -12 -16
-6 -12 16
-6 -11 -16
-6 -11 16
-6 -10 -16
-6 -10 16
-6 -9 -16
-6 -9 16
-6 -8 -16
-6 -8 16
-6 -7 -16
-6 -7 16
-6 -6 -16
-6 -6 16
-6 -5 -16
-6 -5 16
-6 -4 -16
-6 -4 16
-6 -3 -16
-6 -3 16
-6 -2 -16
-6 -2 16
-6 -1 -16
-6 -1 16
-6 0 -16
-6 0 16
-6 1 -16
-6 1 16
-6 2 -16
-6 2 16
-6 3 -16
-6 3 16
-6 4 -16
-6 4 16
-6 5 -16
-6 5 16
-6 6 -16
-6 6 16
-6 7 -16
-6 7 16
-6 8 -16
-6 8 16
-6 9 -16
-6 9 16
-6 10 -16
-6 10 16
-6 11 -16
-6 11 16
-6 12 -16
-6 12 16
-6 13 -16
-6 13 16
-6 14 -16
-6 14 16
-6 15 -16
-6 15 16
-6 16 -16
-6 16 -15
-6 16 -14
-6 16 -13
-6 16 -12
-6 16 -11
-6 16 -10
-6 16 -9
-6 16 -8
-6 16 -7
-6 16 -6
-6 16 -5
-6 16 -4
-6 16 -3
-6 16 -2
-6 16 -1
-6 16 0
-6 16 1
-6 16 2
-6 16 3
-6 16 4
-6 16 5
-6 16 6
-6 16 7
-6 16 8
-6 16 9
-6 16 10
-6 16 11
-6 16 12
-6 16 13
-6 16 14
-6 16 15
-6 16 16
-5 -16 -16
-5 -16 -15
-5 -16 -14
-5 -16 -13
-5 -16 -12
-5 -16 -11
-5 -16 -10
-5 -16 -9
-5 -16 -8
-5 -16 -7
-5 -16 -6
-5 -16 -5
-5 -16 -4
-5 -16 -3
-5 -16 -2
-5 -16 -1
-5 -16 0
-5 -16 1
-5 -16 2
-5 -16 3
-5 -16 4
-5 -16 5
-5 -16 6
-5 -16 7
-5 -16 8
-5 -16 9
-5 -16 10
-5 -16 11
-5 -16 12
-5 -16 13
-5 -16 14
-5 -16 15
-5 -16 16
-5 -15 -16
-5 -15 16
-5 -14 -16
-5 -14 16
-5 -13 -16
-5 -13 16
-5 -12 -16
-5 -12 16
-5 -11 -16
-5 -11 16
-5 -10 -16
-5 -10 16
-5 -9 -16
-5 -9 16
-5 -8 -16
-5 -8 16
-5 -7 -16
-5 -7 16
-5 -6 -16
-5 -6 16
-5 -5 -16
-5 -5 16
-5 -4 -16
-5 -4 16
-5 -3 -16
-5 -3 16
-5 -2 -16
-5 -2 16
-5 -1 -16
-5 -1 16
-5 0 -16
-5 0 16
-5 1 -16
-5 1 16
-5 2 -16
-5 2 16
-5 3 -16
-5 3 16
-5 4 -16
-5 4 16
-5 5 -16
-5 5 16
-5 6 -16
-5 6 16
-5 7 -16
-5 7 16
-5 8 -16
-5 8 16
-5 9 -16
-5 9 16
-5 10 -16
-5 10 16
-5 11 -16
-5 11 16
-5 12 -16
-5 12 16
-5 13 -16
-5 13 16
-5 14 -16
-5 14 16
-5 15 -16
-5 15 16
-5 16 -16
-5 16 -15
-5 16 -14
-5 16 -13
-5 16 -12
-5 16 -11
-5 16 -10
-5 16 -9
-5 16 -8
-5 16 -7
-5 16 -6
-5 16 -5
-5 16 -4
-5 16 -3
-5 16 -2
-5 16 -1
-5 16 0
-5 16 1
-5 16 2
-5 16 3
-5 16 4
-5 16 5
-5 16 6
-5 16 7
-5 16 8
-5 16 9
-5 16 10
-5 16 11
-5 16 12
-5 16 13
-5 16 14
-5 16 15
-5 16 16
-4 -16 -16
-4 -16 -15
-4 -16 -14
-4 -16 -13
-4 -16 -12
-4 -16 -11
-4 -16 -10
-4 -16 -9
-4 -16 -8
-4 -16 -7
-4 -16 -6
-4 -16 -5
-4 -16 -4
-4 -16 -3
-4 -16 -2
-4 -16 -1
-4 -16 0
-4 -16 1
-4 -16 2
-4 -16 3
-4 -16 4
-4 -16 5
-4 -16 6
-4 -16 7
-4 -16 8
-4 -16 9
-4 -16 10
-4 -16 11
-4 -16 12
-4 -16 13
-4 -16 14
-4 -16 15
-4 -16 16
-4 -15 -16
-4 -15 16
-4 -14 -16
-4 -14 16
-4 -13 -16
-4 -13 16
-4 -12 -16
-4 -12 16
-4 -11 -16
-4 -11 16
-4 -10 -16
-4 -10 16
-4 -9 -16
-4 -9 16
-4 -8 -16
-4 -8 16
-4 -7 -16
-4 -7 16
-4 -6 -16
-4 -6 16
-4 -5 -16
-4 -5 16
-4 -4 -16
-4 -4 16
-4 -3 -16
-4 -3 16
-4 -2 -16
-4 -2 16
-4 -1 -16
-4 -1 16
-4 0 -16
-4 0 16
-4 1 -16
-4 1 16
-4 2 -16
-4 2 16
-4 3 -16
-4 3 16
-4 4 -16
-4 4 16
-4 5 -16
-4 5 16
-4 6 -16
-4 6 16
-4 7 -16
-4 7 16
-4 8 -16
-4 8 16
-4 9 -16
-4 9 16
-4 10 -16
-4 10 16
-4 11 -16
-4 11 16
-4 12 -16
-4 12 16
-4 13 -16
-4 13 16
-4 14 -16
-4 14 16
-4 15 -16
-4 15 16
-4 16 -16
-4 16 -15
-4 16 -14
-4 16 -13
-4 16 -12
-4 16 -11
-4 16 -10
-4 16 -9
-4 16 -8
-4 16 -7
-4 16 -6
-4 16 -5
-4 16 -4
-4 16 -3
-4 16 -2
-4 16 -1
-4 16 0
-4 16 1
-4 16 2
-4 16 3
-4 16 4
-4 16 5
-4 16 6
-4 16 7
-4 16 8
-4 16 9
-4 16 10
-4 16 11
-4 16 12
-4 16 13
-4 16 14
-4 16 15
-4 16 16
-3 -16 -16
-3 -16 -15
-3 -16 -14
-3 -16 -13
-3 -16 -12
-3 -16 -11
-3 -16 -10
-3 -16 -9
-3 -16 -8
-3 -16 -7
-3 -16 -6
-3 -16 -5
-3 -16 -4
-3 -16 -3
-3 -16 -2
-3 -16 -1
-3 -16 0
-3 -16 1
-3 -16 2
-3 -16 3
-3 -16 4
-3 -16 5
-3 -16 6
-3 -16 7
-3 -16 8
-3 -16 9
-3 -16 10
-3 -16 11
-3 -16 12
-3 -16 13
-3 -16 14
-3 -16 15
-3 -16 16
-3 -15 -16
-3 -15 16
-3 -14 -16
-3 -14 16
-3 -13 -16
-3 -13 16
-3 -12 -16
-3 -12 16
-3 -11 -16
-3 -11 16
-3 -10 -16
-3 -10 16
-3 -9 -16
-3 -9 16
-3 -8 -16
-3 -8 16
-3 -7 -16
-3 -7 16
-3 -6 -16
-3 -6 16
-3 -5 -16
-3 -5 16
-3 -4 -16
-3 -4 16
-3 -3 -16
-3 -3 16
-3 -2 -16
-3 -2 16
-3 -1 -16
-3 -1 16
-3 0 -16
-3 0 16
-3 1 -16
-3 1 16
-3 2 -16
-3 2 16
-3 3 -16
-3 3 16
-3 4 -16
-3 4 16
-3 5 -16
-3 5 16
-3 6 -16
-3 6 16
-3 7 -16
-3 7 16
-3 8 -16
-3 8 16
-3 9 -16
-3 9 16
-3 10 -16
-3 10 16
-3 11 -16
-3 11 16
-3 12 -16
-3 12 16
-3 13 -16
-3 13 16
-3 14 -16
-3 14 16
-3 15 -16
-3 15 16
-3 16 -16
-3 16 -15
-3 16 -14
-3 16 -13
-3 16 -12
-3 16 -11
-3 16 -10
-3 16 -9
-3 16 -8
-3 16 -7
-3 16 -6
-3 16 -5
-3 16 -4
-3 16 -3
-3 16 -2
-3 16 -1
-3 16 0
-3 16 1
-3 16 2
-3 16 3
-3 16 4
-3 16 5
-3 16 6
-3 16 7
-3 16 8
-3 16 9
-3 16 10
-3 16 11
-3 16 12
-3 16 13
-3 16 14
-3 16 15
-3 16 16
-2 -16 -16
-2 -16 -15
-2 -16 -14
-2 -16 -13
-2 -16 -12
-2 -16 -11
-2 -16 -10
-2 -16 -9
-2 -16 -8
-2 -16 -7
-2 -16 -6
-2 -16 -5
-2 -16 -4
-2 -16 -3
-2 -16 -2
-2 -16 -1
-2 -16 0
-2 -16 1
-2 -16 2
-2 -16 3
-2 -16 4
-2 -16 5
-2 -16 6
-2 -16 7
-2 -16 8
-2 -16 9
-2 -16 10
-2 -16 11
-2 -16 12
-2 -16 13
-2 -16 14
-2 -16 15
-2 -16 16
-2 -15 -16
-2 -15 16
-2 -14 -16
-2 -14 16
-2 -13 -16
-2 -13 16
-2 -12 -16
-2 -12 16
-2 -11 -16
-2 -11 16
-2 -10 -16
-2 -10 16
-2 -9 -16
-2 -9 16
-2 -8 -16
-2 -8 16
-2 -7 -16
-2 -7 16
-2 -6 -16
-2 -6 16
-2 -5 -16
-2 -5 16
-2 -4 -16
-2 -4 16
-2 -3 -16
-2 -3 16
-2 -2 -16
-2 -2 16
-2 -1 -16
-2 -1 16
-2 0 -16
-2 0 16
-2 1 -16
-2 1 16
-2 2 -16
-2 2 16
-2 3 -16
-2 3 16
-2 4 -16
-2 4 16
-2 5 -16
-2 5 16
-2 6 -16
-2 6 16
-2 7 -16
-2 7 16
-2 8 -16
-2 8 16
-2 9 -16
-2 9 16
-2 10 -16
-2 10 16
-2 11 -16
-2 11 16
-2 12 -16
-2 12 16
-2 13 -16
-2 13 16
-2 14 -16
-2 14 16
-2 15 -16
-2 15 16
-2 16 -16
-2 16 -15
-2 16 -14
-2 16 -13
-2 16 -12
-2 16 -11
-2 16 -10
-2 16 -9
-2 16 -8
-2 16 -7
-2 16 -6
-2 16 -5
-2 16 -4
-2 16 -3
-2 16 -2
-2 16 -1
-2 16 0
-2 16 1
-2 16 2
-2 16 3
-2 16 4
-2 16 5
-2 16 6
-2 16 7
-2 16 8
-2 16 9
-2 16 10
-2 16 11
-2 16 12
-2 16 13
-2 16 14
-2 16 15
-2 16 16
-1 -16 -16
-1 -16 -15
-1 -16 -14
-1 -16 -13
-1 -16 -12
-1 -16 -11
-1 -16 -10
-1 -16 -9
-1 -16 -8
-1 -16 -7
-1 -16 -6
-1 -16 -5
-1 -16 -4
-1 -16 -3
-1 -16 -2
-1 -16 -1
-1 -16 0
-1 -16 1
-1 -16 2
-1 -16 3
-1 -16 4
-1 -16 5
-1 -16 6
-1 -16 7
-1 -16 8
-1 -16 9
-1 -16 10
-1 -16 11
-1 -16 12
-1 -16 13
-1 -16 14
-1 -16 15
-1 -16 16
-1 -15 -16
-1 -15 16
-1 -14 -16
-1 -14 16
-1 -13 -16
-1 -13 16
-1 -12 -16
-1 -12 16
-1 -11 -16
-1 -11 16
-1 -10 -16
-1 -10 16
-1 -9 -16
-1 -9 16
-1 -8 -16
-1 -8 16
-1 -7 -16
-1 -7 16
-1 -6 -16
-1 -6 16
-1 -5 -16
-1 -5 16
-1 -4 -16
-1 -4 16
-1 -3 -16
-1 -3 16
-1 -2 -16
-1 -2 16
-1 -1 -16
-1 -1 16
-1 0 -16
-1 0 16
-1 1 -16
-1 1 16
-1 2 -16
-1 2 16
-1 3 -16
-1 3 16
-1 4 -16
-1 4 16
-1 5 -16
-1 5 16
-1 6 -16
-1 6 16
-1 7 -16
-1 7 16
-1 8 -16
-1 8 16
-1 9 -16
-1 9 16
-1 10 -16
-1 10 16
-1 11 -16
-1 11 16
-1 12 -16
-1 12 16
-1 13 -16
-1 13 16
-1 14 -16
-1 14 16
-1 15 -16
-1 15 16
-1 16 -16
-1 16 -15
-1 16 -14
-1 16 -13
-1 16 -12
-1 16 -11
-1 16 -10
-1 16 -9
-1 16 -8
-1 16 -7
-1 16 -6
-1 16 -5
-1 16 -4
-1 16 -3
-1 16 -2
-1 16 -1
-1 16 0
-1 16 1
-1 16 2
-1 16 3
-1 16 4
-1 16 5
-1 16 6
-1 16 7
-1 16 8
-1 16 9
-1 16 10
-1 16 11
-1 16 12
-1 16 13
-1 16 14
-1 16 15
-1 16 16
0 -16 -16
0 -16 -15
0 -16 -14
0 -16 -13
0 -16 -12
0 -16 -11
0 -16 -10
0 -16 -9
0 -16 -8
0 -16 -7
0 -16 -6
0 -16 -5
0 -16 -4
0 -16 -3
0 -16 -2
0 -16 -1
0 -16 0
0 -16 1
0 -16 2
0 -16 3
0 -16 4
0 -16 5
0 -16 6
0 -16 7
0 -16 8
0 -16 9
0 -16 10
0 -16 11
0 -16 12
0 -16 13
0 -16 14
0 -16 15
0 -16 16
0 -15 -16
0 -15 16
0 -14 -16
0 -14 16
0 -13 -16
0 -13 16
0 -12 -16
0 -12 16
0 -11 -16
0 -11 16
0 -10 -16
0 -10 16
0 -9 -16
0 -9 16
0 -8 -16
0 -8 16
0 -7 -16
0 -7 16
0 -6 -16
0 -6 16
0 -5 -16
0 -5 16
0 -4 -16
0 -4 16
0 -3 -16
0 -3 16
0 -2 -16
0 -2 16
0 -1 -16
0 -1 16
0 0 -16
0 0 16
0 1 -16
0 1 16
0 2 -16
0 2 16
0 3 -16
0 3 16
0 4 -16
0 4 16
0 5 -16
0 5 16
0 6 -16
0 6 16
0 7 -16
0 7 16
0 8 -16
0 8 16
0 9 -16
0 9 16
0 10 -16
0 10 16
0 11 -16
0 11 16
0 12 -16
0 12 16
0 13 -16
0 13 16
0 14 -16
0 14 16
0 15 -16
0 15 16
0 16 -16
0 16 -15
0 16 -14
0 16 -13
0 16 -12
0 16 -11
0 16 -10
0 16 -9
0 16 -8
0 16 -7
0 16 -6
0 16 -5
0 16 -4
0 16 -3
0 16 -2
0 16 -1
0 16 0
0 16 1
0 16 2
0 16 3
0 16 4
0 16 5
0 16 6
0 16 7
0 16 8
0 16 9
0 16 10
0 16 11
0 16 12
0 16 13
0 16 14
0 16 15
0 16 16
1 -16 -16
1 -16 -15
1 -16 -14
1 -16 -13
1 -16 -12
1 -16 -11
1 -16 -10
1 -16 -9
1 -16 -8
1 -16 -7
1 -16 -6
1 -16 -5
1 -16 -4
1 -16 -3
1 -16 -2
1 -16 -1
1 -16 0
1 -16 1
1 -16 2
1 -16 3
1 -16 4
1 -16 5
1 -16 6
1 -16 7
1 -16 8
1 -16 9
1 -16 10
1 -16 11
1 -16 12
1 -16 13
1 -16 14
1 -16 15
1 -16 16
1 -15 -16
1 -15 16
1 -14 -16
1 -14 16
1 -13 -16
1 -13 16
1 -12 -16
1 -12 16
1 -11 -16
1 -11 16
1 -10 -16
1 -10 16
1 -9 -16
1 -9 16
1 -8 -16
1 -8 16
1 -7 -16
1 -7 16
1 -6 -16
1 -6 16
1 -5 -16
1 -5 16
1 -4 -16
1 -4 16
1 -3 -16
1 -3 16
1 -2 -16
1 -2 16
1 -1 -16
1 -1 16
1 0 -16
1 0 16
1 1 -16
1 1 16
1 2 -16
1 2 16
1 3 -16
1 3 16
1 4 -16
1 4 16
1 5 -16
1 5 16
1 6 -16
1 6 16
1 7 -16
1 7 16
1 8 -16
1 8 16
1 9 -16
1 9 16
1 10 -16
1 10 16
1 11 -16
1 11 16
1 12 -16
1 12 16
1 13 -16
1 13 16
1 14 -16
1 14 16
1 15 -16
1 15 16
1 16 -16
1 16 -15
1 16 -14
1 16 -13
1 16 -12
1 16 -11
1 16 -10
1 16 -9
1 16 -8
1 16 -7
1 16 -6
1 16 -5
1 16 -4
1 16 -3
1 16 -2
1 16 -1
1 16 0
1 16 1
1 16 2
1 16 3
1 16 4
1 16 5
1 16 6
1 16 7
1 16 8
1 16 9
1 16 10
1 16 11
1 16 12
1 16 13
1 16 14
1 16 15
1 16 16
2 -16 -16
2 -16 -15
2 -16 -14
2 -16 -13
2 -16 -12
2 -16 -11
2 -16 -10
2 -16 -9
2 -16 -8
2 -16 -7
2 -16 -6
2 -16 -5
2 -16 -4
2 -16 -3
2 -16 -2
2 -16 -1
2 -16 0
2 -16 1
2 -16 2
2 -16 3
2 -16 4
2 -16 5
2 -16 6
2 -16 7
2 -16 8
2 -16 9
2 -16 10
2 -16 11
2 -16 12
2 -16 13
2 -16 14
2 -16 15
2 -16 16
2 -15 -16
2 -15 16
2 -14 -16
2 -14 16
2 -13 -16
2 -13 16
2 -12 -16
2 -12 16
2 -11 -16
2 -11 16
2 -10 -16
2 -10 16
2 -9 -16
2 -9 16
2 -8 -16
2 -8 16
2 -7 -16
2 -7 16
2 -6 -16
2 -6 16
2 -5 -16
2 -5 16
2 -4 -16
2 -4 16
2 -3 -16
2 -3 16
2 -2 -16
2 -2 16
2 -1 -16
2 -1 16
2 0 -16
2 0 16
2 1 -16
2 1 16
2 2 -16
2 2 16
2 3 -16
2 3 16
2 4 -16
2 4 16
2 5 -16
2 5 16
2 6 -16
2 6 16
2 7 -16
2 7 16
2 8 -16
2 8 16
2 9 -16
2 9 16
2 10 -16
2 10 16
2 11 -16
2 11 16
2 12 -16
2 12 16
2 13 -16
2 13 16
2 14 -16
2 14 16
2 15 -16
2 15 16
2 16 -16
2 16 -15
2 16 -14
2 16 -13
2 16 -12
2 16 -11
2 16 -10
2 16 -9
2 16 -8
2 16 -7
2 16 -6
2 16 -5
2 16 -4
2 16 -3
2 16 -2
2 16 -1
2 16 0
2 16 1
2 16 2
2 16 3
2 16 4
2 16 5
2 16 6
2 16 7
2 16 8
2 16 9
2 16 10
2 16 11
2 16 12
2 16 13
2 16 14
2 16 15
2 16 16
3 -16 -16
3 -16 -15
3 -16 -14
3 -16 -13
3 -16 -12
3 -16 -11
3 -16 -10
3 -16 -9
3 -16 -8
3 -16 -7
3 -16 -6
3 -16 -5
3 -16 -4
3 -16 -3
3 -16 -2
3 -16 -1
3 -16 0
3 -16 1
3 -16 2
3 -16 3
3 -16 4
3 -16 5
3 -16 6
3 -16 7
3 -16 8
3 -16 9
3 -16 10
3 -16 11
3 -16 12
3 -16 13
3 -16 14
3 -16 15
3 -16 16
3 -15 -16
3 -15 16
3 -14 -16
3 -14 16
3 -13 -16
3 -13 16
3 -12 -16
3 -12 16
3 -11 -16
3 -11 16
3 -10 -16
3 -10 16
3 -9 -16
3 -9 16
3 -8 -16
3 -8 16
3 -7 -16
3 -7 16
3 -6 -16
3 -6 16
3 -5 -16
3 -5 16
3 -4 -16
3 -4 16
3 -3 -16
3 -3 16
3 -2 -16
3 -2 16
3 -1 -16
3 -1 16
3 0 -16
3 0 16
3 1 -16
3 1 16
3 2 -16
3 2 16
3 3 -16
3 3 16
3 4 -16
3 4 16
3 5 -16
3 5 16
3 6 -16
3 6 16
3 7 -16
3 7 16
3 8 -16
3 8 16
3 9 -16
3 9 16
3 10 -16
3 10 16
3 11 -16
3 11 16
3 12 -16
3 12 16
3 13 -16
3 13 16
3 14 -16
3 14 16
3 15 -16
3 15 16
3 16 -16
3 16 -15
3 16 -14
3 16 -13
3 16 -12
3 16 -11
3 16 -10
3 16 -9
3 16 -8
3 16 -7
3 16 -6
3 16 -5
3 16 -4
3 16 -3
3 16 -2
3 16 -1
3 16 0
3 16 1
3 16 2
3 16 3
3 16 4
3 16 5
3 16 6
3 16 7
3 16 8
3 16 9
3 16 10
3 16 11
3 16 12
3 16 13
3 16 14
3 16 15
3 16 16
4 -16 -16
4 -16 -15
4 -16 -14
4 -16 -13
4 -16 -12
4 -16 -11
4 -16 -10
4 -16 -9
4 -16 -8
4 -16 -7
4 -16 -6
4 -16 -5
4 -16 -4
4 -16 -3
4 -16 -2
4 -16 -1
4 -16 0
4 -16 1
4 -16 2
4 -16 3
4 -16 4
4 -16 5
4 -16 6
4 -16 7
4 -16 8
4 -16 9
4 -16 10
4 -16 11
4 -16 12
4 -16 13
4 -16 14
4 -16 15
4 -16 16
4 -15 -16
4 -15 16
4 -14 -16
4 -14 16
4 -13 -16
4 -13 16
4 -12 -16
4 -12 16
4 -11 -16
4 -11 16
4 -10 -16
4 -10 16
4 -9 -16
4 -9 16
4 -8 -16
4 -8 16
4 -7 -16
4 -7 16
4 -6 -16
4 -6 16
4 -5 -16
4 -5 16
4 -4 -16
4 -4 16
4 -3 -16
4 -3 16
4 -2 -16
4 -2 16
4 -1 -16
4 -1 16
4 0 -16
4 0 16
4 1 -16
4 1 16
4 2 -16
4 2 16
4 3 -16
4 3 16
4 4 -16
4 4 16
4 5 -16
4 5 16
4 6 -16
4 6 16
4 7 -16
4 7 16
4 8 -16
4 8 16
4 9 -16
4 9 16
4 10 -16
4 10 16
4 11 -16
4 11 16
4 12 -16
4 12 16
4 13 -16
4 13 16
4 14 -16
4 14 16
4 15 -16
4 15 16
4 16 -16
4 16 -15
4 16 -14
4 16 -13
4 16 -12
4 16 -11
4 16 -10
4 16 -9
4 16 -8
4 16 -7
4 16 -6
4 16 -5
4 16 -4
4 16 -3
4 16 -2
4 16 -1
4 16 0
4 16 1
4 16 2
4 16 3
4 16 4
4 16 5
4 16 6
4 16 7
4 16 8
4 16 9
4 16 10
4 16 11
4 16 12
4 16 13
4 16 14
4 16 15
4 16 16
5 -16 -16
5 -16 -15
5 -16 -14
5 -16 -13
5 -16 -12
5 -16 -11
5 -16 -10
5 -16 -9
5 -16 -8
5 -16 -7
5 -16 -6
5 -16 -5
5 -16 -4
5 -16 -3
5 -16 -2
5 -16 -1
5 -16 0
5 -16 1
5 -16 2
5 -16 3
5 -16 4
5 -16 5
5 -16 6
5 -16 7
5 -16 8
5 -16 9
5 -16 10
5 -16 11
5 -16 12
5 -16 13
5 -16 14
5 -16 15
5 -16 16
5 -15 -16
5 -15 16
5 -14 -16
5 -14 16
5 -13 -16
5 -13 16
5 -12 -16
5 -12 16
5 -11 -16
5 -11 16
5 -10 -16
5 -10 16
5 -9 -16
5 -9 16
5 -8 -16
5 -8 16
5 -7 -16
5 -7 16
5 -6 -16
5 -6 16
5 -5 -16
5 -5 16
5 -4 -16
5 -4 16
5 -3 -16
5 -3 16
5 -2 -16
5 -2 16
5 -1 -16
5 -1 16
5 0 -16
5 0 16
5 1 -16
5 1 16
5 2 -16
5 2 16
5 3 -16
5 3 16
5 4 -16
5 4 16
5 5 -16
5 5 16
5 6 -16
5 6 16
5 7 -16
5 7 16
5 8 -16
5 8 16
5 9 -16
5 9 16
5 10 -16
5 10 16
5 11 -16
5 11 16
5 12 -16
5 12 16
5 13 -16
5 13 16
5 14 -16
5 14 16
5 15 -16
5 15 16
5 16 -16
5 16 -15
5 16 -14
5 16 -13
5 16 -12
5 16 -11
5 16 -10
5 16 -9
5 16 -8
5 16 -7
5 16 -6
5 16 -5
5 16 -4
5 16 -3
5 16 -2
5 16 -1
5 16 0
5 16 1
5 16 2
5 16 3
5 16 4
5 16 5
5 16 6
5 16 7
5 16 8
5 16 9
5 16 10
5 16 11
5 16 12
5 16 13
5 16 14
5 16 15
5 16 16
6 -16 -16
6 -16 -15
6 -16 -14
6 -16 -13
6 -16 -12
6 -16 -11
6 -16 -10
6 -16 -9
6 -16 -8
6 -16 -7
6 -16 -6
6 -16 -5
6 -16 -4
6 -16 -3
6 -16 -2
6 -16 -1
6 -16 0
6 -16 1
6 -16 2
6 -16 3
6 -16 4
6 -16 5
6 -16 6
6 -16 7
6 -16 8
6 -16 9
6 -16 10
6 -16 11
6 -16 12
6 -16 13
6 -16 14
6 -16 15
6 -16 16
6 -15 -16
6 -15 16
6 -14 -16
6 -14 16
6 -13 -16
6 -13 16
6 -12 -16
6 -12 16
6 -11 -16
6 -11 16
6 -10 -16
6 -10 16
6 -9 -16
6 -9 16
6 -8 -16
6 -8 16
6 -7 -16
6 -7 16
6 -6 -16
6 -6 16
6 -5 -16
6 -5 16
6 -4 -16
6 -4 16
6 -3 -16
6 -3 16
6 -2 -16
6 -2 16
6 -1 -16
6 -1 16
6 0 -16
6 0 16
6 1 -16
6 1 16
6 2 -16
6 2 16
6 3 -16
6 3 16
6 4 -16
6 4 16
6 5 -16
6 5 16
6 6 -16
6 6 16
6 7 -16
6 7 16
6 8 -16
6 8 16
6 9 -16
6 9 16
6 10 -16
6 10 16
6 11 -16
6 11 16
6 12 -16
6 12 16
6 13 -16
6 13 16
6 14 -16
6 14 16
6 15 -16
6 15 16
6 16 -16
6 16 -15
6 16 -14
6 16 -13
6 16 -12
6 16 -11
6 16 -10
6 16 -9
6 16 -8
6 16 -7
6 16 -6
6 16 -5
6 16 -4
6 16 -3
6 16 -2
6 16 -1
6 16 0
6 16 1
6 16 2
6 16 3
6 16 4
6 16 5
6 16 6
6 16 7
6 16 8
6 16 9
6 16 10
6 16 11
6 16 12
6 16 13
6 16 14
6 16 15
6 16 16
7 -16 -16
7 -16 -15
7 -16 -14
7 -16 -13
7 -16 -12
7 -16 -11
7 -16 -10
7 -16 -9
7 -16 -8
7 -16 -7
7 -16 -6
7 -16 -5
7 -16 -4
7 -16 -3
7 -16 -2
7 -16 -1
7 -16 0
7 -16 1
7 -16 2
7 -16 3
7 -16 4
7 -16 5
7 -16 6
7 -16 7
7 -16 8
7 -16 9
7 -16 10
7 -16 11
7 -16 12
7 -16 13
7 -16 14
7 -16 15
7 -16 16
7 -15 -16
7 -15 16
7 -14 -16
7 -14 16
7 -13 -16
7 -13 16
7 -12 -16
7 -12 16
7 -11 -16
7 -11 16
7 -10 -16
7 -10 16
7 -9 -16
7 -9 16
7 -8 -16
7 -8 16
7 -7 -16
7 -7 16
7 -6 -16
7 -6 16
7 -5 -16
7 -5 16
7 -4 -16
7 -4 16
7 -3 -16
7 -3 16
7 -2 -16
7 -2 16
7 -1 -16
7 -1 16
7 0 -16
7 0 16
7 1 -16
7 1 16
7 2 -16
7 2 16
7 3 -16
7 3 16
7 4 -16
7 4 16
7 5 -16
7 5 16
7 6 -16
7 6 16
7 7 -16
7 7 16
7 8 -16
7 8 16
7 9 -16
7 9 16
7 10 -16
7 10 16
7 11 -16
7 11 16
7 12 -16
7 12 16
7 13 -16
7 13 16
7 14 -16
7 14 16
7 15 -16
7 15 16
7 16 -16
7 16 -15
7 16 -14
7 16 -13
7 16 -12
7 16 -11
7 16 -10
7 16 -9
7 16 -8
7 16 -7
7 16 -6
7 16 -5
7 16 -4
7 16 -3
7 16 -2
7 16 -1
7 16 0
7 16 1
7 16 2
7 16 3
7 16 4
7 16 5
7 16 6
7 16 7
7 16 8
7 16 9
7 16 10
7 16 11
7 16 12
7 16 13
7 16 14
7 16 15
7 16 16
8 -16 -16
8 -16 -15
8 -16 -14
8 -16 -13
8 -16 -12
8 -16 -11
8 -16 -10
8 -16 -9
8 -16 -8
8 -16 -7
8 -16 -6
8 -16 -5
8 -16 -4
8 -16 -3
8 -16 -2
8 -16 -1
8 -16 0
8 -16 1
8 -16 2
8 -16 3
8 -16 4
8 -16 5
8 -16 6
8 -16 7
8 -16 8
8 -16 9
8 -16 10
8 -16 11
8 -16 12
8 -16 13
8 -16 14
8 -16 15
8 -16 16
8 -15 -16
8 -15 16
8 -14 -16
8 -14 16
8 -13 -16
8 -13 16
8 -12 -16
8 -12 16
8 -11 -16
8 -11 16
8 -10 -16
8 -10 16
8 -9 -16
8 -9 16
8 -8 -16
8 -8 16
8 -7 -16
8 -7 16
8 -6 -16
8 -6 16
8 -5 -16
8 -5 16
8 -4 -16
8 -4 16
8 -3 -16
8 -3 16
8 -2 -16
8 -2 16
8 -1 -16
8 -1 16
8 0 -16
8 0 16
8 1 -16
8 1 16
8 2 -16
8 2 16
8 3 -16
8 3 16
8 4 -16
8 4 16
8 5 -16
8 5 16
8 6 -16
8 6 16
8 7 -16
8 7 16
8 8 -16
8 8 16
8 9 -16
8 9 16
8 10 -16
8 10 16
8 11 -16
8 11 16
8 12 -16
8 12 16
8 13 -16
8 13 16
8 14 -16
8 14 16
8 15 -16
8 15 16
8 16 -16
8 16 -15
8 16 -14
8 16 -13
8 16 -12
8 16 -11
8 16 -10
8 16 -9
8 16 -8
8 16 -7
8 16 -6
8 16 -5
8 16 -4
8 16 -3
8 16 -2
8 16 -1
8 16 0
8 16 1
8 16 2
8 16 3
8 16 4
8 16 5
8 16 6
8 16 7
8 16 8
8 16 9
8 16 10
8 16 11
8 16 12
8 16 13
8 16 14
8 16 15
8 16 16
9 -16 -16
9 -16 -15
9 -16 -14
9 -16 -13
9 -16 -12
9 -16 -11
9 -16 -10
9 -16 -9
9 -16 -8
9 -16 -7
9 -16 -6
9 -16 -5
9 -16 -4
9 -16 -3
9 -16 -2
9 -16 -1
9 -16 0
9 -16 1
9 -16 2
9 -16 3
9 -16 4
9 -16 5
9 -16 6
9 -16 7
9 -16 8
9 -16 9
9 -16 10
9 -16 11
9 -16 12
9 -16 13
9 -16 14
9 -16 15
9 -16 16
9 -15 -16
9 -15 16
9 -14 -16
9 -14 16
9 -13 -16
9 -13 16
9 -12 -16
9 -12 16
9 -11 -16
9 -11 16
9 -10 -16
9 -10 16
9 -9 -16
9 -9 16
9 -8 -16
9 -8 16
9 -7 -16
9 -7 16
9 -6 -16
9 -6 16
9 -5 -16
9 -5 16
9 -4 -16
9 -4 16
9 -3 -16
9 -3 16
9 -2 -16
9 -2 16
9 -1 -16
9 -1 16
9 0 -16
9 0 16
9 1 -16
9 1 16
9 2 -16
9 2 16
9 3 -16
9 3 16
9 4 -16
9 4 16
9 5 -16
9 5 16
9 6 -16
9 6 16
9 7 -16
9 7 16
9 8 -16
9 8 16
9 9 -16
9 9 16
9 10 -16
9 10 16
9 11 -16
9 11 16
9 12 -16
9 12 16
9 13 -16
9 13 16
9 14 -16
9 14 16
9 15 -16
9 15 16
9 16 -16
9 16 -15
9 16 -14
9 16 -13
9 16 -12
9 16 -11
9 16 -10
9 16 -9
9 16 -8
9 16 -7
9 16 -6
9 16 -5
9 16 -4
9 16 -3
9 16 -2
9 16 -1
9 16 0
9 16 1
9 16 2
9 16 3
9 16 4
9 16 5
9 16 6
9 16 7
9 16 8
9 16 9
9 16 10
9 16 11
9 16 12
9 16 13
9 16 14
9 16 15
9 16 16
10 -16 -16
10 -16 -15
10 -16 -14
10 -16 -13
10 -16 -12
10 -16 -11
10 -16 -10
10 -16 -9
10 -16 -8
10 -16 -7
10 -16 -6
10 -16 -5
10 -16 -4
10 -16 -3
10 -16 -2
10 -16 -1
10 -16 0
10 -16 1
10 -16 2
10 -16 3
10 -16 4
10 -16 5
10 -16 6
10 -16 7
10 -16 8
10 -16 9
10 -16 10
10 -16 11
10 -16 12
10 -16 13
10 -16 14
10 -16 15
10 -16 16
10 -15 -16
10 -15 16
10 -14 -16
10 -14 16
10 -13 -16
10 -13 16
10 -12 -16
10 -12 16
10 -11 -16
10 -11 16
10 -10 -16
10 -10 16
10 -9 -16
10 -9 16
10 -8 -16
10 -8 16
10 -7 -16
10 -7 16
10 -6 -16
10 -6 16
10 -5 -16
10 -5 16
10 -4 -16
10 -4 16
10 -3 -16
10 -3 16
10 -2 -16
10 -2 16
10 -1 -16
10 -1 16
10 0 -16
10 0 16
10 1 -16
10 1 16
10 2 -16
10 2 16
10 3 -16
10 3 16
10 4 -16
10 4 16
10 5 -16
10 5 16
10 6 -16
10 6 16
10 7 -16
10 7 16
10 8 -16
10 8 16
10 9 -16
10 9 16
10 10 -16
10 10 16
10 11 -16
10 11 16
10 12 -16
10 12 16
10 13 -16
10 13 16
10 14 -16
10 14 16
10 15 -16
10 15 16
10 16 -16
10 16 -15
10 16 -14
10 16 -13
10 16 -12
10 16 -11
10 16 -10
10 16 -9
10 16 -8
10 16 -7
10 16 -6
10 16 -5
10 16 -4
10 16 -3
10 16 -2
10 16 -1
10 16 0
10 16 1
10 16 2
10 16 3
10 16 4
10 16 5
10 16 6
10 16 7
10 16 8
10 16 9
10 16 10
10 16 11
10 16 12
10 16 13
10 16 14
10 16 15
10 16 16
11 -16 -16
11 -16 -15
11 -16 -14
11 -16 -13
11 -16 -12
11 -16 -11
11 -16 -10
11 -16 -9
11 -16 -8
11 -16 -7
11 -16 -6
11 -16 -5
11 -16 -4
11 -16 -3
11 -16 -2
11 -16 -1
11 -16 0
11 -16 1
11 -16 2
11 -16 3
11 -16 4
11 -16 5
11 -16 6
11 -16 7
11 -16 8
11 -16 9
11 -16 10
11 -16 11
11 -16 12
11 -16 13
11 -16 14
11 -16 15
11 -16 16
11 -15 -16
11 -15 16
11 -14 -16
11 -14 16
11 -13 -16
11 -13 16
11 -12 -16
11 -12 16
11 -11 -16
11 -11 16
11 -10 -16
11 -10 16
11 -9 -16
11 -9 16
11 -8 -16
11 -8 16
11 -7 -16
11 -7 16
11 -6 -16
11 -6 16
11 -5 -16
11 -5 16
11 -4 -16
11 -4 16
11 -3 -16
11 -3 16
11 -2 -16
11 -2 16
11 -1 -16
11 -1 16
11 0 -16
11 0 16
11 1 -16
11 1 16
11 2 -16
11 2 16
11 3 -16
11 3 16
11 4 -16
11 4 16
11 5 -16
11 5 16
11 6 -16
11 6 16
11 7 -16
11 7 16
11 8 -16
11 8 16
11 9 -16
11 9 16
11 10 -16
11 10 16
11 11 -16
11 11 16
11 12 -16
11 12 16
11 13 -16
11 13 16
11 14 -16
11 14 16
11 15 -16
11 15 16
11 16 -16
11 16 -15
11 16 -14
11 16 -13
11 16 -12
11 16 -11
11 16 -10
11 16 -9
11 16 -8
11 16 -7
11 16 -6
11 16 -5
11 16 -4
11 16 -3
11 16 -2
11 16 -1
11 16 0
11 16 1
11 16 2
11 16 3
11 16 4
11 16 5
11 16 6
11 16 7
11 16 8
11 16 9
11 16 10
11 16 11
11 16 12
11 16 13
11 16 14
11 16 15
11 16 16
12 -16 -16
12 -16 -15
12 -16 -14
12 -16 -13
12 -16 -12
12 -16 -11
12 -16 -10
12 -16 -9
12 -16 -8
12 -16 -7
12 -16 -6
12 -16 -5
12 -16 -4
12 -16 -3
12 -16 -2
12 -16 -1
12 -16 0
12 -16 1
12 -16 2
12 -16 3
12 -16 4
12 -16 5
12 -16 6
12 -16 7
12 -16 8
12 -16 9
12 -16 10
12 -16 11
12 -16 12
12 -16 13
12 -16 14
12 -16 15
12 -16 16
12 -15 -16
12 -15 16
12 -14 -16
12 -14 16
12 -13 -16
12 -13 16
12 -12 -16
12 -12 16
12 -11 -16
12 -11 16
12 -10 -16
12 -10 16
12 -9 -16
12 -9 16
12 -8 -16
12 -8 16
12 -7 -16
12 -7 16
12 -6 -16
12 -6 16
12 -5 -16
12 -5 16
12 -4 -16
12 -4 16
12 -3 -16
12 -3 16
12 -2 -16
12 -2 16
12 -1 -16
12 -1 16
12 0 -16
12 0 16
12 1 -16
12 1 16
12 2 -16
12 2 16
12 3 -16
12 3 16
12 4 -16
12 4 16
12 5 -16
12 5 16
12 6 -16
12 6 16
12 7 -16
12 7 16
12 8 -16
12 8 16
12 9 -16
12 9 16
12 10 -16
12 10 16
12 11 -16
12 11 16
12 12 -16
12 12 16
12 13 -16
12 13 16
12 14 -16
12 14 16
12 15 -16
12 15 16
12 16 -16
12 16 -15
12 16 -14
12 16 -13
12 16 -12
12 16 -11
12 16 -10
12 16 -9
12 16 -8
12 16 -7
12 16 -6
12 16 -5
12 16 -4
12 16 -3
12 16 -2
12 16 -1
12 16 0
12 16 1
12 16 2
12 16 3
12 16 4
12 16 5
12 16 6
12 16 7
12 16 8
12 16 9
12 16 10
12 16 11
12 16 12
12 16 13
12 16 14
12 16 15
12 16 16
13 -16 -16
13 -16 -15
13 -16 -14
13 -16 -13
13 -16 -12
13 -16 -11
13 -16 -10
13 -16 -9
13 -16 -8
13 -16 -7
13 -16 -6
13 -16 -5
13 -16 -4
13 -16 -3
13 -16 -2
13 -16 -1
13 -16 0
13 -16 1
13 -16 2
13 -16 3
13 -16 4
13 -16 5
13 -16 6
13 -16 7
13 -16 8
13 -16 9
13 -16 10
13 -16 11
13 -16 12
13 -16 13
13 -16 14
13 -16 15
13 -16 16
13 -15 -16
13 -15 16
13 -14 -16
13 -14 16
13 -13 -16
13 -13 16
13 -12 -16
13 -12 16
13 -11 -16
13 -11 16
13 -10 -16
13 -10 16
13 -9 -16
13 -9 16
13 -8 -16
13 -8 16
13 -7 -16
13 -7 16
13 -6 -16
13 -6 16
13 -5 -16
13 -5 16
13 -4 -16
13 -4 16
13 -3 -16
13 -3 16
13 -2 -16
13 -2 16
13 -1 -16
13 -1 16
13 0 -16
13 0 16
13 1 -16
13 1 16
13 2 -16
13 2 16
13 3 -16
13 3 16
13 4 -16
13 4 16
13 5 -16
13 5 16
13 6 -16
13 6 16
13 7 -16
13 7 16
13 8 -16
13 8 16
13 9 -16
13 9 16
13 10 -16
13 10 16
13 11 -16
13 11 16
13 12 -16
13 12 16
13 13 -16
13 13 16
13 14 -16
13 14 16
13 15 -16
13 15 16
13 16 -16
13 16 -15
13 16 -14
13 16 -13
13 16 -12
13 16 -11
13 16 -10
13 16 -9
13 16 -8
13 16 -7
13 16 -6
13 16 -5
13 16 -4
13 16 -3
13 16 -2
13 16 -1
13 16 0
13 16 1
13 16 2
13 16 3
13 16 4
13 16 5
13 16 6
13 16 7
13 16 8
13 16 9
13 16 10
13 16 11
13 16 12
13 16 13
13 16 14
13 16 15
13 16 16
14 -16 -16
14 -16 -15
14 -16 -14
14 -16 -13
14 -16 -12
14 -16 -11
14 -16 -10
14 -16 -9
14 -16 -8
14 -16 -7
14 -16 -6
14 -16 -5
14 -16 -4
14 -16 -3
14 -16 -2
14 -16 -1
14 -16 0
14 -16 1
14 -16 2
14 -16 3
14 -16 4
14 -16 5
14 -16 6
14 -16 7
14 -16 8
14 -16 9
14 -16 10
14 -16 11
14 -16 12
14 -16 13
14 -16 14
14 -16 15
14 -16 16
14 -15 -16
14 -15 16
14 -14 -16
14 -14 16
14 -13 -16
14 -13 16
14 -12 -16
14 -12 16
14 -11 -16
14 -11 16
14 -10 -16
14 -10 16
14 -9 -16
14 -9 16
14 -8 -16
14 -8 16
14 -7 -16
14 -7 16
14 -6 -16
14 -6 16
14 -5 -16
14 -5 16
14 -4 -16
14 -4 16
14 -3 -16
14 -3 16
14 -2 -16
14 -2 16
14 -1 -16
14 -1 16
14 0 -16
14 0 16
14 1 -16
14 1 16
14 2 -16
14 2 16
14 3 -16
14 3 16
14 4 -16
14 4 16
14 5 -16
14 5 16
14 6 -16
14 6 16
14 7 -16
14 7 16
14 8 -16
14 8 16
14 9 -16
14 9 16
14 10 -16
14 10 16
14 11 -16
14 11 16
14 12 -16
14 12 16
14 13 -16
14 13 16
14 14 -16
14 14 16
14 15 -16
14 15 16
14 16 -16
14 16 -15
14 16 -14
14 16 -13
14 16 -12
14 16 -11
14 16 -10
14 16 -9
14 16 -8
14 16 -7
14 16 -6
14 16 -5
14 16 -4
14 16 -3
14 16 -2
14 16 -1
14 16 0
14 16 1
14 16 2
14 16 3
14 16 4
14 16 5
14 16 6
14 16 7
14 16 8
14 16 9
14 16 10
14 16 11
14 16 12
14 16 13
14 16 14
14 16 15
14 16 16
15 -16 -16
15 -16 -15
15 -16 -14
15 -16 -13
15 -16 -12
15 -16 -11
15 -16 -10
15 -16 -9
15 -16 -8
15 -16 -7
15 -16 -6
15 -16 -5
15 -16 -4
15 -16 -3
15 -16 -2
15 -16 -1
15 -16 0
15 -16 1
15 -16 2
15 -16 3
15 -16 4
15 -16 5
15 -16 6
15 -16 7
15 -16 8
15 -16 9
15 -16 10
15 -16 11
15 -16 12
15 -16 13
15 -16 14
15 -16 15
15 -16 16
15 -15 -16
15 -15 16
15 -14 -16
15 -14 16
15 -13 -16
15 -13 16
15 -12 -16
15 -12 16
15 -11 -16
15 -11 16
15 -10 -16
15 -10 16
15 -9 -16
15 -9 16
15 -8 -16
15 -8 16
15 -7 -16
15 -7 16
15 -6 -16
15 -6 16
15 -5 -16
15 -5 16
15 -4 -16
15 -4 16
15 -3 -16
15 -3 16
15 -2 -16
15 -2 16
15 -1 -16
15 -1 16
15 0 -16
15 0 16
15 1 -16
15 1 16
15 2 -16
15 2 16
15 3 -16
15 3 16
15 4 -16
15 4 16
15 5 -16
15 5 16
15 6 -16
15 6 16
15 7 -16
15 7 16
15 8 -16
15 8 16
15 9 -16
15 9 16
15 10 -16
15 10 16
15 11 -16
15 11 16
15 12 -16
15 12 16
15 13 -16
15 13 16
15 14 -16
15 14 16
15 15 -16
15 15 16
15 16 -16
15 16 -15
15 16 -14
15 16 -13
15 16 -12
15 16 -11
15 16 -10
15 16 -9
15 16 -8
15 16 -7
15 16 -6
15 16 -5
15 16 -4
15 16 -3
15 16 -2
15 16 -1
15 16 0
15 16 1
15 16 2
15 16 3
15 16 4
15 16 5
15 16 6
15 16 7
15 16 8
15 16 9
15 16 10
15 16 11
15 16 12
15 16 13
15 16 14
15 16 15
15 16 16
16 -16 -16
16 -16 -15
16 -16 -14
16 -16 -13
16 -16 -12
16 -16 -11
16 -16 -10
16 -16 -9
16 -16 -8
16 -16 -7
16 -16 -6
16 -16 -5
16 -16 -4
16 -16 -3
16 -16 -2
16 -16 -1
16 -16 0
16 -16 1
16 -16 2
16 -16 3
16 -16 4
16 -16 5
16 -16 6
16 -16 7
16 -16 8
16 -16 9
16 -16 10
16 -16 11
16 -16 12
16 -16 13
16 -16 14
16 -16 15
16 -16 16
16 -15 -16
16 -15 -15
16 -15 -14
16 -15 -13
16 -15 -12
16 -15 -11
16 -15 -10
16 -15 -9
16 -15 -8
16 -15 -7
16 -15 -6
16 -15 -5
16 -15 -4
16 -15 -3
16 -15 -2
16 -15 -1
16 -15 0
16 -15 1
16 -15 2
16 -15 3
16 -15 4
16 -15 5
16 -15 6
16 -15 7
16 -15 8
16 -15 9
16 -15 10
16 -15 11
16 -15 12
16 -15 13
16 -15 14
16 -15 15
16 -15 16
16 -14 -16
16 -14 -15
16 -14 -14
16 -14 -13
16 -14 -12
16 -14 -11
16 -14 -10
16 -14 -9
16 -14 -8
16 -14 -7
16 -14 -6
16 -14 -5
16 -14 -4
16 -14 -3
16 -14 -2
16 -14 -1
16 -14 0
16 -14 1
16 -14 2
16 -14 3
16 -14 4
16 -14 5
16 -14 6
16 -14 7
16 -14 8
16 -14 9
16 -14 10
16 -14 11
16 -14 12
16 -14 13
16 -14 14
16 -14 15
16 -14 16
16 -13 -16
16 -13 -15
16 -13 -14
16 -13 -13
16 -13 -12
16 -13 -11
16 -13 -10
16 -13 -9
16 -13 -8
16 -13 -7
16 -13 -6
16 -13 -5
16 -13 -4
16 -13 -3
16 -13 -2
16 -13 -1
16 -13 0
16 -13 1
16 -13 2
16 -13 3
16 -13 4
16 -13 5
16 -13 6
16 -13 7
16 -13 8
16 -13 9
16 -13 10
16 -13 11
16 -13 12
16 -13 13
16 -13 14
16 -13 15
16 -13 16
16 -12 -16
16 -12 -15
16 -12 -14
16 -12 -13
16 -12 -12
16 -12 -11
16 -12 -10
16 -12 -9
16 -12 -8
16 -12 -7
16 -12 -6
16 -12 -5
16 -12 -4
16 -12 -3
16 -12 -2
16 -12 -1
16 -12 0
16 -12 1
16 -12 2
16 -12 3
16 -12 4
16 -12 5
16 -12 6
16 -12 7
16 -12 8
16 -12 9
16 -12 10
16 -12 11
16 -12 12
16 -12 13
16 -12 14
16 -12 15
16 -12 16
16 -11 -16
16 -11 -15
16 -11 -14
16 -11 -13
16 -11 -12
16 -11 -11
16 -11 -10
16 -11 -9
16 -11 -8
16 -11 -7
16 -11 -6
16 -11 -5
16 -11 -4
16 -11 -3
16 -11 -2
16 -11 -1
16 -11 0
16 -11 1
16 -11 2
16 -11 3
16 -11 4
16 -11 5
16 -11 6
16 -11 7
16 -11 8
16 -11 9
16 -11 10
16 -11 11
16 -11 12
16 -11 13
16 -11 14
16 -11 15
16 -11 16
16 -10 -16
16 -10 -15
16 -10 -14
16 -10 -13
16 -10 -12
16 -10 -11
16 -10 -10
16 -10 -9
16 -10 -8
16 -10 -7
16 -10 -6
16 -10 -5
16 -10 -4
16 -10 -3
16 -10 -2
16 -10 -1
16 -10 0
16 -10 1
16 -10 2
16 -10 3
16 -10 4
16 -10 5
16 -10 6
16 -10 7
16 -10 8
16 -10 9
16 -10 10
16 -10 11
16 -10 12
16 -10 13
16 -10 14
16 -10 15
16 -10 16
16 -9 -16
16 -9 -15
16 -9 -14
16 -9 -13
16 -9 -12
16 -9 -11
16 -9 -10
16 -9 -9
16 -9 -8
16 -9 -7
16 -9 -6
16 -9 -5
16 -9 -4
16 -9 -3
16 -9 -2
16 -9 -1
16 -9 0
16 -9 1
16 -9 2
16 -9 3
16 -9 4
16 -9 5
16 -9 6
16 -9 7
16 -9 8
16 -9 9
16 -9 10
16 -9 11
16 -9 12
16 -9 13
16 -9 14
16 -9 15
16 -9 16
16 -8 -16
16 -8 -15
16 -8 -14
16 -8 -13
16 -8 -12
16 -8 -11
16 -8 -10
16 -8 -9
16 -8 -8
16 -8 -7
16 -8 -6
16 -8 -5
16 -8 -4
16 -8 -3
16 -8 -2
16 -8 -1
16 -8 0
16 -8 1
16 -8 2
16 -8 3
16 -8 4
16 -8 5
16 -8 6
16 -8 7
16 -8 8
16 -8 9
16 -8 10
16 -8 11
16 -8 12
16 -8 13
16 -8 14
16 -8 15
16 -8 16
16 -7 -16
16 -7 -15
16 -7 -14
16 -7 -13
16 -7 -12
16 -7 -11
16 -7 -10
16 -7 -9
16 -7 -8
16 -7 -7
16 -7 -6
16 -7 -5
16 -7 -4
16 -7 -3
16 -7 -2
16 -7 -1
16 -7 0
16 -7 1
16 -7 2
16 -7 3
16 -7 4
16 -7 5
16 -7 6
16 -7 7
16 -7 8
16 -7 9
16 -7 10
16 -7 11
16 -7 12
16 -7 13
16 -7 14
16 -7 15
16 -7 16
16 -6 -16
16 -6 -15
16 -6 -14
16 -6 -13
16 -6 -12
16 -6 -11
16 -6 -10
16 -6 -9
16 -6 -8
16 -6 -7
16 -6 -6
16 -6 -5
16 -6 -4
16 -6 -3
16 -6 -2
16 -6 -1
16 -6 0
16 -6 1
16 -6 2
16 -6 3
16 -6 4
16 -6 5
16 -6 6
16 -6 7
16 -6 8
16 -6 9
16 -6 10
16 -6 11
16 -6 12
16 -6 13
16 -6 14
16 -6 15
16 -6 16
16 -5 -16
16 -5 -15
16 -5 -14
16 -5 -13
16 -5 -12
16 -5 -11
16 -5 -10
16 -5 -9
16 -5 -8
16 -5 -7
16 -5 -6
16 -5 -5
16 -5 -4
16 -5 -3
16 -5 -2
16 -5 -1
16 -5 0
16 -5 1
16 -5 2
16 -5 3
16 -5 4
16 -5 5
16 -5 6
16 -5 7
16 -5 8
16 -5 9
16 -5 10
16 -5 11
16 -5 12
16 -5 13
16 -5 14
16 -5 15
16 -5 16
16 -4 -16
16 -4 -15
16 -4 -14
16 -4 -13
16 -4 -12
16 -4 -11
16 -4 -10
16 -4 -9
16 -4 -8
16 -4 -7
16 -4 -6
16 -4 -5
16 -4 -4
16 -4 -3
16 -4 -2
16 -4 -1
16 -4 0
16 -4 1
16 -4 2
16 -4 3
16 -4 4
16 -4 5
16 -4 6
16 -4 7
16 -4 8
16 -4 9
16 -4 10
16 -4 11
16 -4 12
16 -4 13
16 -4 14
16 -4 15
16 -4 16
16 -3 -16
16 -3 -15
16 -3 -14
16 -3 -13
16 -3 -12
16 -3 -11
16 -3 -10
16 -3 -9
16 -3 -8
16 -3 -7
16 -3 -6
16 -3 -5
16 -3 -4
16 -3 -3
16 -3 -2
16 -3 -1
16 -3 0
16 -3 1
16 -3 2
16 -3 3
16 -3 4
16 -3 5
16 -3 6
16 -3 7
16 -3 8
16 -3 9
16 -3 10
16 -3 11
16 -3 12
16 -3 13
16 -3 14
16 -3 15
16 -3 16
16 -2 -16
16 -2 -15
16 -2 -14
16 -2 -13
16 -2 -12
16 -2 -11
16 -2 -10
16 -2 -9
16 -2 -8
16 -2 -7
16 -2 -6
16 -2 -5
16 -2 -4
16 -2 -3
16 -2 -2
16 -2 -1
16 -2 0
16 -2 1
16 -2 2
16 -2 3
16 -2 4
16 -2 5
16 -2 6
16 -2 7
16 -2 8
16 -2 9
16 -2 10
16 -2 11
16 -2 12
16 -2 13
16 -2 14
16 -2 15
16 -2 16
16 -1 -16
16 -1 -15
16 -1 -14
16 -1 -13
16 -1 -12
16 -1 -11
16 -1 -10
16 -1 -9
16 -1 -8
16 -1 -7
16 -1 -6
16 -1 -5
16 -1 -4
16 -1 -3
16 -1 -2
16 -1 -1
16 -1 0
16 -1 1
16 -1 2
16 -1 3
16 -1 4
16 -1 5
16 -1 6
16 -1 7
16 -1 8
16 -1 9
16 -1 10
16 -1 11
16 -1 12
16 -1 13
16 -1 14
16 -1 15
16 -1 16
16 0 -16
16 0 -15
16 0 -14
16 0 -13
16 0 -12
16 0 -11
16 0 -10
16 0 -9
16 0 -8
16 0 -7
16 0 -6
16 0 -5
16 0 -4
16 0 -3
16 0 -2
16 0 -1
16 0 0
16 0 1
16 0 2
16 0 3
16 0 4
16 0 5
16 0 6
16 0 7
16 0 8
16 0 9
16 0 10
16 0 11
16 0 12
16 0 13
16 0 14
16 0 15
16 0 16
16 1 -16
16 1 -15
16 1 -14
16 1 -13
16 1 -12
16 1 -11
16 1 -10
16 1 -9
16 1 -8
16 1 -7
16 1 -6
16 1 -5
16 1 -4
16 1 -3
16 1 -2
16 1 -1
16 1 0
16 1 1
16 1 2
16 1 3
16 1 4
16 1 5
16 1 6
16 1 7
16 1 8
16 1 9
16 1 10
16 1 11
16 1 12
16 1 13
16 1 14
16 1 15
16 1 16
16 2 -16
16 2 -15
16 2 -14
16 2 -13
16 2 -12
16 2 -11
16 2 -10
16 2 -9
16 2 -8
16 2 -7
16 2 -6
16 2 -5
16 2 -4
16 2 -3
16 2 -2
16 2 -1
16 2 0
16 2 1
16 2 2
16 2 3
16 2 4
16 2 5
16 2 6
16 2 7
16 2 8
16 2 9
16 2 10
16 2 11
16 2 12
16 2 13
16 2 14
16 2 15
16 2 16
16 3 -16
16 3 -15
16 3 -14
16 3 -13
16 3 -12
16 3 -11
16 3 -10
16 3 -9
16 3 -8
16 3 -7
16 3 -6
16 3 -5
16 3 -4
16 3 -3
16 3 -2
16 3 -1
16 3 0
16 3 1
16 3 2
16 3 3
16 3 4
16 3 5
16 3 6
16 3 7
16 3 8
16 3 9
16 3 10
16 3 11
16 3 12
16 3 13
16 3 14
16 3 15
16 3 16
16 4 -16
16 4 -15
16 4 -14
16 4 -13
16 4 -12
16 4 -11
16 4 -10
16 4 -9
16 4 -8
16 4 -7
16 4 -6
16 4 -5
16 4 -4
16 4 -3
16 4 -2
16 4 -1
16 4 0
16 4 1
16 4 2
16 4 3
16 4 4
16 4 5
16 4 6
16 4 7
16 4 8
16 4 9
16 4 10
16 4 11
16 4 12
16 4 13
16 4 14
16 4 15
16 4 16
16 5 -16
16 5 -15
16 5 -14
16 5 -13
16 5 -12
16 5 -11
16 5 -10
16 5 -9
16 5 -8
16 5 -7
16 5 -6
16 5 -5
16 5 -4
16 5 -3
16 5 -2
16 5 -1
16 5 0
16 5 1
16 5 2
16 5 3
16 5 4
16 5 5
16 5 6
16 5 7
16 5 8
16 5 9
16 5 10
16 5 11
16 5 12
16 5 13
16 5 14
16 5 15
16 5 16
16 6 -16
16 6 -15
16 6 -14
16 6 -13
16 6 -12
16 6 -11
16 6 -10
16 6 -9
16 6 -8
16 6 -7
16 6 -6
16 6 -5
16 6 -4
16 6 -3
16 6 -2
16 6 -1
16 6 0
16 6 1
16 6 2
16 6 3
16 6 4
16 6 5
16 6 6
16 6 7
16 6 8
16 6 9
16 6 10
16 6 11
16 6 12
16 6 13
16 6 14
16 6 15
16 6 16
16 7 -16
16 7 -15
16 7 -14
16 7 -13
16 7 -12
16 7 -11
16 7 -10
16 7 -9
16 7 -8
16 7 -7
16 7 -6
16 7 -5
16 7 -4
16 7 -3
16 7 -2
16 7 -1
16 7 0
16 7 1
16 7 2
16 7 3
16 7 4
16 7 5
16 7 6
16 7 7
16 7 8
16 7 9
16 7 10
16 7 11
16 7 12
16 7 13
16 7 14
16 7 15
16 7 16
16 8 -16
16 8 -15
16 8 -14
16 8 -13
16 8 -12
16 8 -11
16 8 -10
16 8 -9
16 8 -8
16 8 -7
16 8 -6
16 8 -5
16 8 -4
16 8 -3
16 8 -2
16 8 -1
16 8 0
16 8 1
16 8 2
16 8 3
16 8 4
16 8 5
16 8 6
16 8 7
16 8 8
16 8 9
16 8 10
16 8 11
16 8 12
16 8 13
16 8 14
16 8 15
16 8 16
16 9 -16
16 9 -15
16 9 -14
16 9 -13
16 9 -12
16 9 -11
16 9 -10
16 9 -9
16 9 -8
16 9 -7
16 9 -6
16 9 -5
16 9 -4
16 9 -3
16 9 -2
16 9 -1
16 9 0
16 9 1
16 9 2
16 9 3
16 9 4
16 9 5
16 9 6
16 9 7
16 9 8
16 9 9
16 9 10
16 9 11
16 9 12
16 9 13
16 9 14
16 9 15
16 9 16
16 10 -16
16 10 -15
16 10 -14
16 10 -13
16 10 -12
16 10 -11
16 10 -10
16 10 -9
16 10 -8
16 10 -7
16 10 -6
16 10 -5
16 10 -4
16 10 -3
16 10 -2
16 10 -1
16 10 0
16 10 1
16 10 2
16 10 3
16 10 4
16 10 5
16 10 6
16 10 7
16 10 8
16 10 9
16 10 10
16 10 11
16 10 12
16 10 13
16 10 14
16 10 15
16 10 16
16 11 -16
16 11 -15
16 11 -14
16 11 -13
16 11 -12
16 11 -11
16 11 -10
16 11 -9
16 11 -8
16 11 -7
16 11 -6
16 11 -5
16 11 -4
16 11 -3
16 11 -2
16 11 -1
16 11 0
16 11 1
16 11 2
16 11 3
16 11 4
16 11 5
16 11 6
16 11 7
16 11 8
16 11 9
16 11 10
16 11 11
16 11 12
16 11 13
16 11 14
16 11 15
16 11 16
16 12 -16
16 12 -15
16 12 -14
16 12 -13
16 12 -12
16 12 -11
16 12 -10
16 12 -9
16 12 -8
16 12 -7
16 12 -6
16 12 -5
16 12 -4
16 12 -3
16 12 -2
16 12 -1
16 12 0
16 12 1
16 12 2
16 12 3
16 12 4
16 12 5
16 12 6
16 12 7
16 12 8
16 12 9
16 12 10
16 12 11
16 12 12
16 12 13
16 12 14
16 12 15
16 12 16
16 13 -16
16 13 -15
16 13 -14
16 13 -13
16 13 -12
16 13 -11
16 13 -10
16 13 -9
16 13 -8
16 13 -7
16 13 -6
16 13 -5
16 13 -4
16 13 -3
16 13 -2
16 13 -1
16 13 0
16 13 1
16 13 2
16 13 3
16 13 4
16 13 5
16 13 6
16 13 7
16 13 8
16 13 9
16 13 10
16 13 11
16 13 12
16 13 13
16 13 14
16 13 15
16 13 16
16 14 -16
16 14 -15
16 14 -14
16 14 -13
16 14 -12
16 14 -11
16 14 -10
16 14 -9
16 14 -8
16 14 -7
16 14 -6
16 14 -5
16 14 -4
16 14 -3
16 14 -2
16 14 -1
16 14 0
16 14 1
16 14 2
16 14 3
16 14 4
16 14 5
16 14 6
16 14 7
16 14 8
16 14 9
16 14 10
16 14 11
16 14 12
16 14 13
16 14 14
16 14 15
16 14 16
16 15 -16
16 15 -15
16 15 -14
16 15 -13
16 15 -12
16 15 -11
16 15 -10
16 15 -9
16 15 -8
16 15 -7
16 15 -6
16 15 -5
16 15 -4
16 15 -3
16 15 -2
16 15 -1
16 15 0
16 15 1
16 15 2
16 15 3
16 15 4
16 15 5
16 15 6
16 15 7
16 15 8
16 15 9
16 15 10
16 15 11
16 15 12
16 15 13
16 15 14
16 15 15
16 15 16
16 16 -16
16 16 -15
16 16 -14
16 16 -13
16 16 -12
16 16 -11
16 16 -10
16 16 -9
16 16 -8
16 16 -7
16 16 -6
16 16 -5
16 16 -4
16 16 -3
16 16 -2
16 16 -1
16 16 0
16 16 1
16 16 2
16 16 3
16 16 4
16 16 5
16 16 6
16 16 7
16 16 8
16 16 9
16 16 10
16 16 11
16 16 12
16 16 13
16 16 14
16 16 15
16 16 16
