0 0
0 1
0 2
0 3
0 4
0 5
0 6
0 7
0 8
0 9
0 10
0 11
0 12
0 13
0 14
0 15
0 16
0 17
0 18
0 19
0 20
0 21
0 22
0 23
0 24
0 25
0 26
0 27
0 28
0 29
0 30
0 31
0 32
0 33
0 34
0 35
0 36
0 37
0 38
0 39
0 40
0 41
0 42
0 43
0 44
1 0
1 44
2 0
2 44
3 0
3 44
4 0
4 44
5 0
5 44
6 0
6 44
7 0
7 44
8 0
8 44
9 0
9 44
10 0
10 44
11 0
11 44
12 0
12 44
13 0
13 44
14 0
14 44
15 0
15 44
16 0
16 44
17 0
17 44
18 0
18 44
19 0
19 44
20 0
20 44
21 0
21 44
22 0
22 44
23 0
23 44
24 0
24 44
25 0
25 44
26 0
26 44
27 0
27 44
28 0
28 44
29 0
29 44
30 0
30 44
31 0
31 44
32 0
32 44
33 0
33 44
34 0
34 44
35 0
35 44
36 0
36 44
37 0
37 44
38 0
38 44
39 0
39 44
40 0
40 44
41 0
41 44
42 0
42 44
43 0
43 44
44 0
44 44
45 0
45 44
46 0
46 44
47 0
47 44
48 0
48 44
49 0
49 44
50 0
50 44
51 0
51 44
52 0
52 44
53 0
53 44
54 0
54 44
55 0
55 44
56 0
56 44
57 0
57 44
58 0
58 44
59 0
59 44
60 0
60 44
61 0
61 44
62 0
62 44
63 0
63 44
64 0
64 44
65 0
65 44
66 0
66 44
67 0
67 44
68 0
68 44
69 0
69 44
70 0
70 44
71 0
71 44
72 0
72 44
73 0
73 44
74 0
74 44
75 0
75 44
76 0
76 44
77 0
77 44
78 0
78 44
79 0
79 44
80 0
80 44
81 0
81 44
82 0
82 44
83 0
83 44
84 0
84 44
85 0
85 44
86 0
86 44
87 0
87 44
88 0
88 44
89 0
89 44
90 0
90 44
91 0
91 44
92 0
92 44
93 0
93 44
94 0
94 44
95 0
95 44
96 0
96 44
97 0
97 44
98 0
98 44
99 0
99 44
100 0
100 44
101 0
101 44
102 0
102 44
103 0
103 44
104 0
104 44
105 0
105 44
106 0
106 44
107 0
107 44
108 0
108 44
109 0
109 44
110 0
110 44
111 0
111 44
112 0
112 44
113 0
113 44
114 0
114 44
115 0
115 44
116 0
116 44
117 0
117 44
118 0
118 44
119 0
119 44
120 0
120 44
121 0
121 44
122 0
122 44
123 0
123 44
124 0
124 44
125 0
125 44
126 0
126 44
127 0
127 44
128 0
128 44
129 0
129 44
130 0
130 44
131 0
131 44
132 0
132 44
133 0
133 44
134 0
134 44
135 0
135 44
136 0
136 44
137 0
137 44
138 0
138 44
139 0
139 44
140 0
140 44
141 0
141 44
142 0
142 44
143 0
143 44
144 0
144 44
145 0
145 44
146 0
146 44
147 0
147 44
148 0
148 44
149 0
149 44
150 0
150 44
151 0
151 44
152 0
152 44
153 0
153 44
154 0
154 44
155 0
155 44
156 0
156 44
157 0
157 44
158 0
158 44
159 0
159 44
160 0
160 44
161 0
161 44
162 0
162 44
163 0
163 44
164 0
164 44
165 0
165 44
166 0
166 44
167 0
167 44
168 0
168 44
169 0
169 44
170 0
170 44
171 0
171 44
172 0
172 44
173 0
173 44
174 0
174 44
175 0
175 44
176 0
176 44
177 0
177 1
177 2
177 3
177 4
177 5
177 6
177 7
177 8
177 9
177 10
177 11
177 12
177 13
177 14
177 15
177 16
177 17
177 18
177 19
177 20
177 21
177 22
177 23
177 24
177 25
177 26
177 27
177 28
177 29
177 30
177 31
177 32
177 33
177 34
177 35
177 36
177 37
177 38
177 39
177 40
177 41
177 42
177 43
177 44
