0 0
1 0
2 0
2 1
3 0
3 2
4 0
4 3
5 0
5 4
6 0
6 5
7 0
7 5
8 0
8 6
9 0
9 7
10 0
10 8
11 0
11 9
12 0
12 10
13 0
13 10
14 0
14 11
15 0
15 12
16 0
16 13
17 0
17 14
18 0
18 15
19 0
19 15
20 0
20 16
21 0
21 17
22 0
22 18
23 0
23 19
24 0
24 20
25 0
25 20
26 0
26 21
27 0
27 22
28 0
28 23
29 0
29 24
30 0
30 25
31 0
31 26
32 0
32 26
33 0
33 27
34 0
34 28
35 0
35 29
36 0
36 30
37 0
37 31
38 0
38 31
39 0
39 32
40 0
40 33
41 0
41 34
42 0
42 35
43 0
43 36
44 0
44 36
45 0
45 37
46 0
46 38
47 0
47 39
48 0
48 40
49 0
49 41
50 0
50 41
51 0
51 42
52 0
52 43
53 0
53 44
54 0
54 45
55 0
55 46
56 0
56 46
57 0
57 47
58 0
58 48
59 0
59 49
60 0
60 50
61 0
61 51
62 0
62 52
63 0
63 52
64 0
64 53
65 0
65 54
66 0
66 55
67 0
67 56
68 0
68 57
69 0
69 57
70 0
70 58
71 0
71 59
72 0
72 60
73 0
73 61
74 0
74 62
75 0
75 62
76 0
76 63
77 0
77 64
78 0
78 65
79 0
79 66
80 0
80 67
81 0
81 67
82 0
82 68
83 0
83 69
84 0
84 70
85 0
85 71
86 0
86 72
87 0
87 73
88 0
88 73
89 0
89 74
90 0
90 75
91 0
91 76
92 0
92 77
93 0
93 78
94 0
94 78
95 0
95 79
96 0
96 80
97 0
97 80
98 0
98 80
99 0
99 79
100 0
100 78
101 0
101 77
102 0
102 76
103 0
103 75
104 0
104 75
105 0
105 74
106 0
106 73
107 0
107 72
108 0
108 71
109 0
109 70
110 0
110 70
111 0
111 69
112 0
112 68
113 0
113 67
114 0
114 66
115 0
115 65
116 0
116 65
117 0
117 64
118 0
118 63
119 0
119 62
120 0
120 61
121 0
121 60
122 0
122 59
123 0
123 59
124 0
124 58
125 0
125 57
126 0
126 56
127 0
127 55
128 0
128 54
129 0
129 54
130 0
130 53
131 0
131 52
132 0
132 51
133 0
133 50
134 0
134 49
135 0
135 49
136 0
136 48
137 0
137 47
138 0
138 46
139 0
139 45
140 0
140 44
141 0
141 44
142 0
142 43
143 0
143 42
144 0
144 41
145 0
145 40
146 0
146 39
147 0
147 39
148 0
148 38
149 0
149 37
150 0
150 36
151 0
151 35
152 0
152 34
153 0
153 33
154 0
154 33
155 0
155 32
156 0
156 31
157 0
157 30
158 0
158 29
159 0
159 28
160 0
160 28
161 0
161 27
162 0
162 26
163 0
163 25
164 0
164 24
165 0
165 23
166 0
166 23
167 0
167 22
168 0
168 21
169 0
169 20
170 0
170 19
171 0
171 18
172 0
172 18
173 0
173 17
174 0
174 16
175 0
175 15
176 0
176 14
177 0
177 13
178 0
178 13
179 0
179 12
180 0
180 11
181 0
181 10
182 0
182 9
183 0
183 8
184 0
184 7
185 0
185 7
186 0
186 6
187 0
187 5
188 0
188 4
189 0
189 3
190 0
190 2
191 0
191 2
192 0
192 1
193 0
