-29 0 0
-28 -1 0
-28 0 -1
-28 0 1
-28 1 0
-27 -2 0
-27 -1 -1
-27 -1 1
-27 0 -2
-27 0 2
-27 1 -1
-27 1 1
-27 2 0
-26 -3 0
-26 -2 -1
-26 -2 1
-26 -1 -2
-26 -1 2
-26 0 -3
-26 0 3
-26 1 -2
-26 1 2
-26 2 -1
-26 2 1
-26 3 0
-25 -4 0
-25 -3 -1
-25 -3 1
-25 -2 -2
-25 -2 2
-25 -1 -3
-25 -1 3
-25 0 -4
-25 0 4
-25 1 -3
-25 1 3
-25 2 -2
-25 2 2
-25 3 -1
-25 3 1
-25 4 0
-24 -5 0
-24 -4 -1
-24 -4 1
-24 -3 -2
-24 -3 2
-24 -2 -3
-24 -2 3
-24 -1 -4
-24 -1 4
-24 0 -5
-24 0 5
-24 1 -4
-24 1 4
-24 2 -3
-24 2 3
-24 3 -2
-24 3 2
-24 4 -1
-24 4 1
-24 5 0
-23 -6 0
-23 -5 -1
-23 -5 1
-23 -4 -2
-23 -4 2
-23 -3 -3
-23 -3 3
-23 -2 -4
-23 -2 4
-23 -1 -5
-23 -1 5
-23 0 -6
-23 0 6
-23 1 -5
-23 1 5
-23 2 -4
-23 2 4
-23 3 -3
-23 3 3
-23 4 -2
-23 4 2
-23 5 -1
-23 5 1
-23 6 0
-22 -7 0
-22 -6 -1
-22 -6 1
-22 -5 -2
-22 -5 2
-22 -4 -3
-22 -4 3
-22 -3 -4
-22 -3 4
-22 -2 -5
-22 -2 5
-22 -1 -6
-22 -1 6
-22 0 -7
-22 0 7
-22 1 -6
-22 1 6
-22 2 -5
-22 2 5
-22 3 -4
-22 3 4
-22 4 -3
-22 4 3
-22 5 -2
-22 5 2
-22 6 -1
-22 6 1
-22 7 0
-21 -8 0
-21 -7 -1
-21 -7 1
-21 -6 -2
-21 -6 2
-21 -5 -3
-21 -5 3
-21 -4 -4
-21 -4 4
-21 -3 -5
-21 -3 5
-21 -2 -6
-21 -2 6
-21 -1 -7
-21 -1 7
-21 0 -8
-21 0 8
-21 1 -7
-21 1 7
-21 2 -6
-21 2 6
-21 3 -5
-21 3 5
-21 4 -4
-21 4 4
-21 5 -3
-21 5 3
-21 6 -2
-21 6 2
-21 7 -1
-21 7 1
-21 8 0
-20 -9 0
-20 -8 -1
-20 -8 1
-20 -7 -2
-20 -7 2
-20 -6 -3
-20 -6 3
-20 -5 -4
-20 -5 4
-20 -4 -5
-20 -4 5
-20 -3 -6
-20 -3 6
-20 -2 -7
-20 -2 7
-20 -1 -8
-20 -1 8
-20 0 -9
-20 0 9
-20 1 -8
-20 1 8
-20 2 -7
-20 2 7
-20 3 -6
-20 3 6
-20 4 -5
-20 4 5
-20 5 -4
-20 5 4
-20 6 -3
-20 6 3
-20 7 -2
-20 7 2
-20 8 -1
-20 8 1
-20 9 0
-19 -10 0
-19 -9 -1
-19 -9 1
-19 -8 -2
-19 -8 2
-19 -7 -3
-19 -7 3
-19 -6 -4
-19 -6 4
-19 -5 -5
-19 -5 5
-19 -4 -6
-19 -4 6
-19 -3 -7
-19 -3 7
-19 -2 -8
-19 -2 8
-19 -1 -9
-19 -1 9
-19 0 -10
-19 0 10
-19 1 -9
-19 1 9
-19 2 -8
-19 2 8
-19 3 -7
-19 3 7
-19 4 -6
-19 4 6
-19 5 -5
-19 5 5
-19 6 -4
-19 6 4
-19 7 -3
-19 7 3
-19 8 -2
-19 8 2
-19 9 -1
-19 9 1
-19 10 0
-18 -11 0
-18 -10 -1
-18 -10 1
-18 -9 -2
-18 -9 2
-18 -8 -3
-18 -8 3
-18 -7 -4
-18 -7 4
-18 -6 -5
-18 -6 5
-18 -5 -6
-18 -5 6
-18 -4 -7
-18 -4 7
-18 -3 -8
-18 -3 8
-18 -2 -9
-18 -2 9
-18 -1 -10
-18 -1 10
-18 0 -11
-18 0 11
-18 1 -10
-18 1 10
-18 2 -9
-18 2 9
-18 3 -8
-18 3 8
-18 4 -7
-18 4 7
-18 5 -6
-18 5 6
-18 6 -5
-18 6 5
-18 7 -4
-18 7 4
-18 8 -3
-18 8 3
-18 9 -2
-18 9 2
-18 10 -1
-18 10 1
-18 11 0
-17 -12 0
-17 -11 -1
-17 -11 1
-17 -10 -2
-17 -10 2
-17 -9 -3
-17 -9 3
-17 -8 -4
-17 -8 4
-17 -7 -5
-17 -7 5
-17 -6 -6
-17 -6 6
-17 -5 -7
-17 -5 7
-17 -4 -8
-17 -4 8
-17 -3 -9
-17 -3 9
-17 -2 -10
-17 -2 10
-17 -1 -11
-17 -1 11
-17 0 -12
-17 0 12
-17 1 -11
-17 1 11
-17 2 -10
-17 2 10
-17 3 -9
-17 3 9
-17 4 -8
-17 4 8
-17 5 -7
-17 5 7
-17 6 -6
-17 6 6
-17 7 -5
-17 7 5
-17 8 -4
-17 8 4
-17 9 -3
-17 9 3
-17 10 -2
-17 10 2
-17 11 -1
-17 11 1
-17 12 0
-16 -13 0
-16 -12 -1
-16 -12 1
-16 -11 -2
-16 -11 2
-16 -10 -3
-16 -10 3
-16 -9 -4
-16 -9 4
-16 -8 -5
-16 -8 5
-16 -7 -6
-16 -7 6
-16 -6 -7
-16 -6 7
-16 -5 -8
-16 -5 8
-16 -4 -9
-16 -4 9
-16 -3 -10
-16 -3 10
-16 -2 -11
-16 -2 11
-16 -1 -12
-16 -1 12
-16 0 -13
-16 0 13
-16 1 -12
-16 1 12
-16 2 -11
-16 2 11
-16 3 -10
-16 3 10
-16 4 -9
-16 4 9
-16 5 -8
-16 5 8
-16 6 -7
-16 6 7
-16 7 -6
-16 7 6
-16 8 -5
-16 8 5
-16 9 -4
-16 9 4
-16 10 -3
-16 10 3
-16 11 -2
-16 11 2
-16 12 -1
-16 12 1
-16 13 0
-15 -14 0
-15 -13 -1
-15 -13 1
-15 -12 -2
-15 -12 2
-15 -11 -3
-15 -11 3
-15 -10 -4
-15 -10 4
-15 -9 -5
-15 -9 5
-15 -8 -6
-15 -8 6
-15 -7 -7
-15 -7 7
-15 -6 -8
-15 -6 8
-15 -5 -9
-15 -5 9
-15 -4 -10
-15 -4 10
-15 -3 -11
-15 -3 11
-15 -2 -12
-15 -2 12
-15 -1 -13
-15 -1 13
-15 0 -14
-15 0 14
-15 1 -13
-15 1 13
-15 2 -12
-15 2 12
-15 3 -11
-15 3 11
-15 4 -10
-15 4 10
-15 5 -9
-15 5 9
-15 6 -8
-15 6 8
-15 7 -7
-15 7 7
-15 8 -6
-15 8 6
-15 9 -5
-15 9 5
-15 10 -4
-15 10 4
-15 11 -3
-15 11 3
-15 12 -2
-15 12 2
-15 13 -1
-15 13 1
-15 14 0
-14 -15 0
-14 -14 -1
-14 -14 1
-14 -13 -2
-14 -13 2
-14 -12 -3
-14 -12 3
-14 -11 -4
-14 -11 4
-14 -10 -5
-14 -10 5
-14 -9 -6
-14 -9 6
-14 -8 -7
-14 -8 7
-14 -7 -8
-14 -7 8
-14 -6 -9
-14 -6 9
-14 -5 -10
-14 -5 10
-14 -4 -11
-14 -4 11
-14 -3 -12
-14 -3 12
-14 -2 -13
-14 -2 13
-14 -1 -14
-14 -1 14
-14 0 -15
-14 0 15
-14 1 -14
-14 1 14
-14 2 -13
-14 2 13
-14 3 -12
-14 3 12
-14 4 -11
-14 4 11
-14 5 -10
-14 5 10
-14 6 -9
-14 6 9
-14 7 -8
-14 7 8
-14 8 -7
-14 8 7
-14 9 -6
-14 9 6
-14 10 -5
-14 10 5
-14 11 -4
-14 11 4
-14 12 -3
-14 12 3
-14 13 -2
-14 13 2
-14 14 -1
-14 14 1
-14 15 0
-13 -16 0
-13 -15 -1
-13 -15 1
-13 -14 -2
-13 -14 2
-13 -13 -3
-13 -13 3
-13 -12 -4
-13 -12 4
-13 -11 -5
-13 -11 5
-13 -10 -6
-13 -10 6
-13 -9 -7
-13 -9 7
-13 -8 -8
-13 -8 8
-13 -7 -9
-13 -7 9
-13 -6 -10
-13 -6 10
-13 -5 -11
-13 -5 11
-13 -4 -12
-13 -4 12
-13 -3 -13
-13 -3 13
-13 -2 -14
-13 -2 14
-13 -1 -15
-13 -1 15
-13 0 -16
-13 0 16
-13 1 -15
-13 1 15
-13 2 -14
-13 2 14
-13 3 -13
-13 3 13
-13 4 -12
-13 4 12
-13 5 -11
-13 5 11
-13 6 -10
-13 6 10
-13 7 -9
-13 7 9
-13 8 -8
-13 8 8
-13 9 -7
-13 9 7
-13 10 -6
-13 10 6
-13 11 -5
-13 11 5
-13 12 -4
-13 12 4
-13 13 -3
-13 13 3
-13 14 -2
-13 14 2
-13 15 -1
-13 15 1
-13 16 0
-12 -17 0
-12 -16 -1
-12 -16 1
-12 -15 -2
-12 -15 2
-12 -14 -3
-12 -14 3
-12 -13 -4
-12 -13 4
-12 -12 -5
-12 -12 5
-12 -11 -6
-12 -11 6
-12 -10 -7
-12 -10 7
-12 -9 -8
-12 -9 8
-12 -8 -9
-12 -8 9
-12 -7 -10
-12 -7 10
-12 -6 -11
-12 -6 11
-12 -5 -12
-12 -5 12
-12 -4 -13
-12 -4 13
-12 -3 -14
-12 -3 14
-12 -2 -15
-12 -2 15
-12 -1 -16
-12 -1 16
-12 0 -17
-12 0 17
-12 1 -16
-12 1 16
-12 2 -15
-12 2 15
-12 3 -14
-12 3 14
-12 4 -13
-12 4 13
-12 5 -12
-12 5 12
-12 6 -11
-12 6 11
-12 7 -10
-12 7 10
-12 8 -9
-12 8 9
-12 9 -8
-12 9 8
-12 10 -7
-12 10 7
-12 11 -6
-12 11 6
-12 12 -5
-12 12 5
-12 13 -4
-12 13 4
-12 14 -3
-12 14 3
-12 15 -2
-12 15 2
-12 16 -1
-12 16 1
-12 17 0
-11 -18 0
-11 -17 -1
-11 -17 1
-11 -16 -2
-11 -16 2
-11 -15 -3
-11 -15 3
-11 -14 -4
-11 -14 4
-11 -13 -5
-11 -13 5
-11 -12 -6
-11 -12 6
-11 -11 -7
-11 -11 7
-11 -10 -8
-11 -10 8
-11 -9 -9
-11 -9 9
-11 -8 -10
-11 -8 10
-11 -7 -11
-11 -7 11
-11 -6 -12
-11 -6 12
-11 -5 -13
-11 -5 13
-11 -4 -14
-11 -4 14
-11 -3 -15
-11 -3 15
-11 -2 -16
-11 -2 16
-11 -1 -17
-11 -1 17
-11 0 -18
-11 0 18
-11 1 -17
-11 1 17
-11 2 -16
-11 2 16
-11 3 -15
-11 3 15
-11 4 -14
-11 4 14
-11 5 -13
-11 5 13
-11 6 -12
-11 6 12
-11 7 -11
-11 7 11
-11 8 -10
-11 8 10
-11 9 -9
-11 9 9
-11 10 -8
-11 10 8
-11 11 -7
-11 11 7
-11 12 -6
-11 12 6
-11 13 -5
-11 13 5
-11 14 -4
-11 14 4
-11 15 -3
-11 15 3
-11 16 -2
-11 16 2
-11 17 -1
-11 17 1
-11 18 0
-10 -19 0
-10 -18 -1
-10 -18 1
-10 -17 -2
-10 -17 2
-10 -16 -3
-10 -16 3
-10 -15 -4
-10 -15 4
-10 -14 -5
-10 -14 5
-10 -13 -6
-10 -13 6
-10 -12 -7
-10 -12 7
-10 -11 -8
-10 -11 8
-10 -10 -9
-10 -10 9
-10 -9 -10
-10 -9 10
-10 -8 -11
-10 -8 11
-10 -7 -12
-10 -7 12
-10 -6 -13
-10 -6 13
-10 -5 -14
-10 -5 14
-10 -4 -15
-10 -4 15
-10 -3 -16
-10 -3 16
-10 -2 -17
-10 -2 17
-10 -1 -18
-10 -1 18
-10 0 -19
-10 0 19
-10 1 -18
-10 1 18
-10 2 -17
-10 2 17
-10 3 -16
-10 3 16
-10 4 -15
-10 4 15
-10 5 -14
-10 5 14
-10 6 -13
-10 6 13
-10 7 -12
-10 7 12
-10 8 -11
-10 8 11
-10 9 -10
-10 9 10
-10 10 -9
-10 10 9
-10 11 -8
-10 11 8
-10 12 -7
-10 12 7
-10 13 -6
-10 13 6
-10 14 -5
-10 14 5
-10 15 -4
-10 15 4
-10 16 -3
-10 16 3
-10 17 -2
-10 17 2
-10 18 -1
-10 18 1
-10 19 0
-9 -20 0
-9 -19 -1
-9 -19 1
-9 -18 -2
-9 -18 2
-9 -17 -3
-9 -17 3
-9 -16 -4
-9 -16 4
-9 -15 -5
-9 -15 5
-9 -14 -6
-9 -14 6
-9 -13 -7
-9 -13 7
-9 -12 -8
-9 -12 8
-9 -11 -9
-9 -11 9
-9 -10 -10
-9 -10 10
-9 -9 -11
-9 -9 11
-9 -8 -12
-9 -8 12
-9 -7 -13
-9 -7 13
-9 -6 -14
-9 -6 14
-9 -5 -15
-9 -5 15
-9 -4 -16
-9 -4 16
-9 -3 -17
-9 -3 17
-9 -2 -18
-9 -2 18
-9 -1 -19
-9 -1 19
-9 0 -20
-9 0 20
-9 1 -19
-9 1 19
-9 2 -18
-9 2 18
-9 3 -17
-9 3 17
-9 4 -16
-9 4 16
-9 5 -15
-9 5 15
-9 6 -14
-9 6 14
-9 7 -13
-9 7 13
-9 8 -12
-9 8 12
-9 9 -11
-9 9 11
-9 10 -10
-9 10 10
-9 11 -9
-9 11 9
-9 12 -8
-9 12 8
-9 13 -7
-9 13 7
-9 14 -6
-9 14 6
-9 15 -5
-9 15 5
-9 16 -4
-9 16 4
-9 17 -3
-9 17 3
-9 18 -2
-9 18 2
-9 19 -1
-9 19 1
-9 20 0
-8 -21 0
-8 -20 -1
-8 -20 1
-8 -19 -2
-8 -19 2
-8 -18 -3
-8 -18 3
-8 -17 -4
-8 -17 4
-8 -16 -5
-8 -16 5
-8 -15 -6
-8 -15 6
-8 -14 -7
-8 -14 7
-8 -13 -8
-8 -13 8
-8 -12 -9
-8 -12 9
-8 -11 -10
-8 -11 10
-8 -10 -11
-8 -10 11
-8 -9 -12
-8 -9 12
-8 -8 -13
-8 -8 13
-8 -7 -14
-8 -7 14
-8 -6 -15
-8 -6 15
-8 -5 -16
-8 -5 16
-8 -4 -17
-8 -4 17
-8 -3 -18
-8 -3 18
-8 -2 -19
-8 -2 19
-8 -1 -20
-8 -1 20
-8 0 -21
-8 0 21
-8 1 -20
-8 1 20
-8 2 -19
-8 2 19
-8 3 -18
-8 3 18
-8 4 -17
-8 4 17
-8 5 -16
-8 5 16
-8 6 -15
-8 6 15
-8 7 -14
-8 7 14
-8 8 -13
-8 8 13
-8 9 -12
-8 9 12
-8 10 -11
-8 10 11
-8 11 -10
-8 11 10
-8 12 -9
-8 12 9
-8 13 -8
-8 13 8
-8 14 -7
-8 14 7
-8 15 -6
-8 15 6
-8 16 -5
-8 16 5
-8 17 -4
-8 17 4
-8 18 -3
-8 18 3
-8 19 -2
-8 19 2
-8 20 -1
-8 20 1
-8 21 0
-7 -22 0
-7 -21 -1
-7 -21 1
-7 -20 -2
-7 -20 2
-7 -19 -3
-7 -19 3
-7 -18 -4
-7 -18 4
-7 -17 -5
-7 -17 5
-7 -16 -6
-7 -16 6
-7 -15 -7
-7 -15 7
-7 -14 -8
-7 -14 8
-7 -13 -9
-7 -13 9
-7 -12 -10
-7 -12 10
-7 -11 -11
-7 -11 11
-7 -10 -12
-7 -10 12
-7 -9 -13
-7 -9 13
-7 -8 -14
-7 -8 14
-7 -7 -15
-7 -7 15
-7 -6 -16
-7 -6 16
-7 -5 -17
-7 -5 17
-7 -4 -18
-7 -4 18
-7 -3 -19
-7 -3 19
-7 -2 -20
-7 -2 20
-7 -1 -21
-7 -1 21
-7 0 -22
-7 0 22
-7 1 -21
-7 1 21
-7 2 -20
-7 2 20
-7 3 -19
-7 3 19
-7 4 -18
-7 4 18
-7 5 -17
-7 5 17
-7 6 -16
-7 6 16
-7 7 -15
-7 7 15
-7 8 -14
-7 8 14
-7 9 -13
-7 9 13
-7 10 -12
-7 10 12
-7 11 -11
-7 11 11
-7 12 -10
-7 12 10
-7 13 -9
-7 13 9
-7 14 -8
-7 14 8
-7 15 -7
-7 15 7
-7 16 -6
-7 16 6
-7 17 -5
-7 17 5
-7 18 -4
-7 18 4
-7 19 -3
-7 19 3
-7 20 -2
-7 20 2
-7 21 -1
-7 21 1
-7 22 0
-6 -23 0
-6 -22 -1
-6 -22 1
-6 -21 -2
-6 -21 2
-6 -20 -3
-6 -20 3
-6 -19 -4
-6 -19 4
-6 -18 -5
-6 -18 5
-6 -17 -6
-6 -17 6
-6 -16 -7
-6 -16 7
-6 -15 -8
-6 -15 8
-6 -14 -9
-6 -14 9
-6 -13 -10
-6 -13 10
-6 -12 -11
-6 -12 11
-6 -11 -12
-6 -11 12
-6 -10 -13
-6 -10 13
-6 -9 -14
-6 -9 14
-6 -8 -15
-6 -8 15
-6 -7 -16
-6 -7 16
-6 -6 -17
-6 -6 17
-6 -5 -18
-6 -5 18
-6 -4 -19
-6 -4 19
-6 -3 -20
-6 -3 20
-6 -2 -21
-6 -2 21
-6 -1 -22
-6 -1 22
-6 0 -23
-6 0 23
-6 1 -22
-6 1 22
-6 2 -21
-6 2 21
-6 3 -20
-6 3 20
-6 4 -19
-6 4 19
-6 5 -18
-6 5 18
-6 6 -17
-6 6 17
-6 7 -16
-6 7 16
-6 8 -15
-6 8 15
-6 9 -14
-6 9 14
-6 10 -13
-6 10 13
-6 11 -12
-6 11 12
-6 12 -11
-6 12 11
-6 13 -10
-6 13 10
-6 14 -9
-6 14 9
-6 15 -8
-6 15 8
-6 16 -7
-6 16 7
-6 17 -6
-6 17 6
-6 18 -5
-6 18 5
-6 19 -4
-6 19 4
-6 20 -3
-6 20 3
-6 21 -2
-6 21 2
-6 22 -1
-6 22 1
-6 23 0
-5 -24 0
-5 -23 -1
-5 -23 1
-5 -22 -2
-5 -22 2
-5 -21 -3
-5 -21 3
-5 -20 -4
-5 -20 4
-5 -19 -5
-5 -19 5
-5 -18 -6
-5 -18 6
-5 -17 -7
-5 -17 7
-5 -16 -8
-5 -16 8
-5 -15 -9
-5 -15 9
-5 -14 -10
-5 -14 10
-5 -13 -11
-5 -13 11
-5 -12 -12
-5 -12 12
-5 -11 -13
-5 -11 13
-5 -10 -14
-5 -10 14
-5 -9 -15
-5 -9 15
-5 -8 -16
-5 -8 16
-5 -7 -17
-5 -7 17
-5 -6 -18
-5 -6 18
-5 -5 -19
-5 -5 19
-5 -4 -20
-5 -4 20
-5 -3 -21
-5 -3 21
-5 -2 -22
-5 -2 22
-5 -1 -23
-5 -1 23
-5 0 -24
-5 0 24
-5 1 -23
-5 1 23
-5 2 -22
-5 2 22
-5 3 -21
-5 3 21
-5 4 -20
-5 4 20
-5 5 -19
-5 5 19
-5 6 -18
-5 6 18
-5 7 -17
-5 7 17
-5 8 -16
-5 8 16
-5 9 -15
-5 9 15
-5 10 -14
-5 10 14
-5 11 -13
-5 11 13
-5 12 -12
-5 12 12
-5 13 -11
-5 13 11
-5 14 -10
-5 14 10
-5 15 -9
-5 15 9
-5 16 -8
-5 16 8
-5 17 -7
-5 17 7
-5 18 -6
-5 18 6
-5 19 -5
-5 19 5
-5 20 -4
-5 20 4
-5 21 -3
-5 21 3
-5 22 -2
-5 22 2
-5 23 -1
-5 23 1
-5 24 0
-4 -25 0
-4 -24 -1
-4 -24 1
-4 -23 -2
-4 -23 2
-4 -22 -3
-4 -22 3
-4 -21 -4
-4 -21 4
-4 -20 -5
-4 -20 5
-4 -19 -6
-4 -19 6
-4 -18 -7
-4 -18 7
-4 -17 -8
-4 -17 8
-4 -16 -9
-4 -16 9
-4 -15 -10
-4 -15 10
-4 -14 -11
-4 -14 11
-4 -13 -12
-4 -13 12
-4 -12 -13
-4 -12 13
-4 -11 -14
-4 -11 14
-4 -10 -15
-4 -10 15
-4 -9 -16
-4 -9 16
-4 -8 -17
-4 -8 17
-4 -7 -18
-4 -7 18
-4 -6 -19
-4 -6 19
-4 -5 -20
-4 -5 20
-4 -4 -21
-4 -4 21
-4 -3 -22
-4 -3 22
-4 -2 -23
-4 -2 23
-4 -1 -24
-4 -1 24
-4 0 -25
-4 0 25
-4 1 -24
-4 1 24
-4 2 -23
-4 2 23
-4 3 -22
-4 3 22
-4 4 -21
-4 4 21
-4 5 -20
-4 5 20
-4 6 -19
-4 6 19
-4 7 -18
-4 7 18
-4 8 -17
-4 8 17
-4 9 -16
-4 9 16
-4 10 -15
-4 10 15
-4 11 -14
-4 11 14
-4 12 -13
-4 12 13
-4 13 -12
-4 13 12
-4 14 -11
-4 14 11
-4 15 -10
-4 15 10
-4 16 -9
-4 16 9
-4 17 -8
-4 17 8
-4 18 -7
-4 18 7
-4 19 -6
-4 19 6
-4 20 -5
-4 20 5
-4 21 -4
-4 21 4
-4 22 -3
-4 22 3
-4 23 -2
-4 23 2
-4 24 -1
-4 24 1
-4 25 0
-3 -26 0
-3 -25 -1
-3 -25 1
-3 -24 -2
-3 -24 2
-3 -23 -3
-3 -23 3
-3 -22 -4
-3 -22 4
-3 -21 -5
-3 -21 5
-3 -20 -6
-3 -20 6
-3 -19 -7
-3 -19 7
-3 -18 -8
-3 -18 8
-3 -17 -9
-3 -17 9
-3 -16 -10
-3 -16 10
-3 -15 -11
-3 -15 11
-3 -14 -12
-3 -14 12
-3 -13 -13
-3 -13 13
-3 -12 -14
-3 -12 14
-3 -11 -15
-3 -11 15
-3 -10 -16
-3 -10 16
-3 -9 -17
-3 -9 17
-3 -8 -18
-3 -8 18
-3 -7 -19
-3 -7 19
-3 -6 -20
-3 -6 20
-3 -5 -21
-3 -5 21
-3 -4 -22
-3 -4 22
-3 -3 -23
-3 -3 23
-3 -2 -24
-3 -2 24
-3 -1 -25
-3 -1 25
-3 0 -26
-3 0 26
-3 1 -25
-3 1 25
-3 2 -24
-3 2 24
-3 3 -23
-3 3 23
-3 4 -22
-3 4 22
-3 5 -21
-3 5 21
-3 6 -20
-3 6 20
-3 7 -19
-3 7 19
-3 8 -18
-3 8 18
-3 9 -17
-3 9 17
-3 10 -16
-3 10 16
-3 11 -15
-3 11 15
-3 12 -14
-3 12 14
-3 13 -13
-3 13 13
-3 14 -12
-3 14 12
-3 15 -11
-3 15 11
-3 16 -10
-3 16 10
-3 17 -9
-3 17 9
-3 18 -8
-3 18 8
-3 19 -7
-3 19 7
-3 20 -6
-3 20 6
-3 21 -5
-3 21 5
-3 22 -4
-3 22 4
-3 23 -3
-3 23 3
-3 24 -2
-3 24 2
-3 25 -1
-3 25 1
-3 26 0
-2 -27 0
-2 -26 -1
-2 -26 1
-2 -25 -2
-2 -25 2
-2 -24 -3
-2 -24 3
-2 -23 -4
-2 -23 4
-2 -22 -5
-2 -22 5
-2 -21 -6
-2 -21 6
-2 -20 -7
-2 -20 7
-2 -19 -8
-2 -19 8
-2 -18 -9
-2 -18 9
-2 -17 -10
-2 -17 10
-2 -16 -11
-2 -16 11
-2 -15 -12
-2 -15 12
-2 -14 -13
-2 -14 13
-2 -13 -14
-2 -13 14
-2 -12 -15
-2 -12 15
-2 -11 -16
-2 -11 16
-2 -10 -17
-2 -10 17
-2 -9 -18
-2 -9 18
-2 -8 -19
-2 -8 19
-2 -7 -20
-2 -7 20
-2 -6 -21
-2 -6 21
-2 -5 -22
-2 -5 22
-2 -4 -23
-2 -4 23
-2 -3 -24
-2 -3 24
-2 -2 -25
-2 -2 25
-2 -1 -26
-2 -1 26
-2 0 -27
-2 0 27
-2 1 -26
-2 1 26
-2 2 -25
-2 2 25
-2 3 -24
-2 3 24
-2 4 -23
-2 4 23
-2 5 -22
-2 5 22
-2 6 -21
-2 6 21
-2 7 -20
-2 7 20
-2 8 -19
-2 8 19
-2 9 -18
-2 9 18
-2 10 -17
-2 10 17
-2 11 -16
-2 11 16
-2 12 -15
-2 12 15
-2 13 -14
-2 13 14
-2 14 -13
-2 14 13
-2 15 -12
-2 15 12
-2 16 -11
-2 16 11
-2 17 -10
-2 17 10
-2 18 -9
-2 18 9
-2 19 -8
-2 19 8
-2 20 -7
-2 20 7
-2 21 -6
-2 21 6
-2 22 -5
-2 22 5
-2 23 -4
-2 23 4
-2 24 -3
-2 24 3
-2 25 -2
-2 25 2
-2 26 -1
-2 26 1
-2 27 0
-1 -28 0
-1 -27 -1
-1 -27 1
-1 -26 -2
-1 -26 2
-1 -25 -3
-1 -25 3
-1 -24 -4
-1 -24 4
-1 -23 -5
-1 -23 5
-1 -22 -6
-1 -22 6
-1 -21 -7
-1 -21 7
-1 -20 -8
-1 -20 8
-1 -19 -9
-1 -19 9
-1 -18 -10
-1 -18 10
-1 -17 -11
-1 -17 11
-1 -16 -12
-1 -16 12
-1 -15 -13
-1 -15 13
-1 -14 -14
-1 -14 14
-1 -13 -15
-1 -13 15
-1 -12 -16
-1 -12 16
-1 -11 -17
-1 -11 17
-1 -10 -18
-1 -10 18
-1 -9 -19
-1 -9 19
-1 -8 -20
-1 -8 20
-1 -7 -21
-1 -7 21
-1 -6 -22
-1 -6 22
-1 -5 -23
-1 -5 23
-1 -4 -24
-1 -4 24
-1 -3 -25
-1 -3 25
-1 -2 -26
-1 -2 26
-1 -1 -27
-1 -1 27
-1 0 -28
-1 0 28
-1 1 -27
-1 1 27
-1 2 -26
-1 2 26
-1 3 -25
-1 3 25
-1 4 -24
-1 4 24
-1 5 -23
-1 5 23
-1 6 -22
-1 6 22
-1 7 -21
-1 7 21
-1 8 -20
-1 8 20
-1 9 -19
-1 9 19
-1 10 -18
-1 10 18
-1 11 -17
-1 11 17
-1 12 -16
-1 12 16
-1 13 -15
-1 13 15
-1 14 -14
-1 14 14
-1 15 -13
-1 15 13
-1 16 -12
-1 16 12
-1 17 -11
-1 17 11
-1 18 -10
-1 18 10
-1 19 -9
-1 19 9
-1 20 -8
-1 20 8
-1 21 -7
-1 21 7
-1 22 -6
-1 22 6
-1 23 -5
-1 23 5
-1 24 -4
-1 24 4
-1 25 -3
-1 25 3
-1 26 -2
-1 26 2
-1 27 -1
-1 27 1
-1 28 0
0 -29 0
0 -28 -1
0 -28 1
0 -27 -2
0 -27 2
0 -26 -3
0 -26 3
0 -25 -4
0 -25 4
0 -24 -5
0 -24 5
0 -23 -6
0 -23 6
0 -22 -7
0 -22 7
0 -21 -8
0 -21 8
0 -20 -9
0 -20 9
0 -19 -10
0 -19 10
0 -18 -11
0 -18 11
0 -17 -12
0 -17 12
0 -16 -13
0 -16 13
0 -15 -14
0 -15 14
0 -14 -15
0 -14 15
0 -13 -16
0 -13 16
0 -12 -17
0 -12 17
0 -11 -18
0 -11 18
0 -10 -19
0 -10 19
0 -9 -20
0 -9 20
0 -8 -21
0 -8 21
0 -7 -22
0 -7 22
0 -6 -23
0 -6 23
0 -5 -24
0 -5 24
0 -4 -25
0 -4 25
0 -3 -26
0 -3 26
0 -2 -27
0 -2 27
0 -1 -28
0 -1 28
0 0 -29
0 0 29
0 1 -28
0 1 28
0 2 -27
0 2 27
0 3 -26
0 3 26
0 4 -25
0 4 25
0 5 -24
0 5 24
0 6 -23
0 6 23
0 7 -22
0 7 22
0 8 -21
0 8 21
0 9 -20
0 9 20
0 10 -19
0 10 19
0 11 -18
0 11 18
0 12 -17
0 12 17
0 13 -16
0 13 16
0 14 -15
0 14 15
0 15 -14
0 15 14
0 16 -13
0 16 13
0 17 -12
0 17 12
0 18 -11
0 18 11
0 19 -10
0 19 10
0 20 -9
0 20 9
0 21 -8
0 21 8
0 22 -7
0 22 7
0 23 -6
0 23 6
0 24 -5
0 24 5
0 25 -4
0 25 4
0 26 -3
0 26 3
0 27 -2
0 27 2
0 28 -1
0 28 1
0 29 0
1 -28 0
1 -27 -1
1 -27 1
1 -26 -2
1 -26 2
1 -25 -3
1 -25 3
1 -24 -4
1 -24 4
1 -23 -5
1 -23 5
1 -22 -6
1 -22 6
1 -21 -7
1 -21 7
1 -20 -8
1 -20 8
1 -19 -9
1 -19 9
1 -18 -10
1 -18 10
1 -17 -11
1 -17 11
1 -16 -12
1 -16 12
1 -15 -13
1 -15 13
1 -14 -14
1 -14 14
1 -13 -15
1 -13 15
1 -12 -16
1 -12 16
1 -11 -17
1 -11 17
1 -10 -18
1 -10 18
1 -9 -19
1 -9 19
1 -8 -20
1 -8 20
1 -7 -21
1 -7 21
1 -6 -22
1 -6 22
1 -5 -23
1 -5 23
1 -4 -24
1 -4 24
1 -3 -25
1 -3 25
1 -2 -26
1 -2 26
1 -1 -27
1 -1 27
1 0 -28
1 0 28
1 1 -27
1 1 27
1 2 -26
1 2 26
1 3 -25
1 3 25
1 4 -24
1 4 24
1 5 -23
1 5 23
1 6 -22
1 6 22
1 7 -21
1 7 21
1 8 -20
1 8 20
1 9 -19
1 9 19
1 10 -18
1 10 18
1 11 -17
1 11 17
1 12 -16
1 12 16
1 13 -15
1 13 15
1 14 -14
1 14 14
1 15 -13
1 15 13
1 16 -12
1 16 12
1 17 -11
1 17 11
1 18 -10
1 18 10
1 19 -9
1 19 9
1 20 -8
1 20 8
1 21 -7
1 21 7
1 22 -6
1 22 6
1 23 -5
1 23 5
1 24 -4
1 24 4
1 25 -3
1 25 3
1 26 -2
1 26 2
1 27 -1
1 27 1
1 28 0
2 -27 0
2 -26 -1
2 -26 1
2 -25 -2
2 -25 2
2 -24 -3
2 -24 3
2 -23 -4
2 -23 4
2 -22 -5
2 -22 5
2 -21 -6
2 -21 6
2 -20 -7
2 -20 7
2 -19 -8
2 -19 8
2 -18 -9
2 -18 9
2 -17 -10
2 -17 10
2 -16 -11
2 -16 11
2 -15 -12
2 -15 12
2 -14 -13
2 -14 13
2 -13 -14
2 -13 14
2 -12 -15
2 -12 15
2 -11 -16
2 -11 16
2 -10 -17
2 -10 17
2 -9 -18
2 -9 18
2 -8 -19
2 -8 19
2 -7 -20
2 -7 20
2 -6 -21
2 -6 21
2 -5 -22
2 -5 22
2 -4 -23
2 -4 23
2 -3 -24
2 -3 24
2 -2 -25
2 -2 25
2 -1 -26
2 -1 26
2 0 -27
2 0 27
2 1 -26
2 1 26
2 2 -25
2 2 25
2 3 -24
2 3 24
2 4 -23
2 4 23
2 5 -22
2 5 22
2 6 -21
2 6 21
2 7 -20
2 7 20
2 8 -19
2 8 19
2 9 -18
2 9 18
2 10 -17
2 10 17
2 11 -16
2 11 16
2 12 -15
2 12 15
2 13 -14
2 13 14
2 14 -13
2 14 13
2 15 -12
2 15 12
2 16 -11
2 16 11
2 17 -10
2 17 10
2 18 -9
2 18 9
2 19 -8
2 19 8
2 20 -7
2 20 7
2 21 -6
2 21 6
2 22 -5
2 22 5
2 23 -4
2 23 4
2 24 -3
2 24 3
2 25 -2
2 25 2
2 26 -1
2 26 1
2 27 0
3 -26 0
3 -25 -1
3 -25 1
3 -24 -2
3 -24 2
3 -23 -3
3 -23 3
3 -22 -4
3 -22 4
3 -21 -5
3 -21 5
3 -20 -6
3 -20 6
3 -19 -7
3 -19 7
3 -18 -8
3 -18 8
3 -17 -9
3 -17 9
3 -16 -10
3 -16 10
3 -15 -11
3 -15 11
3 -14 -12
3 -14 12
3 -13 -13
3 -13 13
3 -12 -14
3 -12 14
3 -11 -15
3 -11 15
3 -10 -16
3 -10 16
3 -9 -17
3 -9 17
3 -8 -18
3 -8 18
3 -7 -19
3 -7 19
3 -6 -20
3 -6 20
3 -5 -21
3 -5 21
3 -4 -22
3 -4 22
3 -3 -23
3 -3 23
3 -2 -24
3 -2 24
3 -1 -25
3 -1 25
3 0 -26
3 0 26
3 1 -25
3 1 25
3 2 -24
3 2 24
3 3 -23
3 3 23
3 4 -22
3 4 22
3 5 -21
3 5 21
3 6 -20
3 6 20
3 7 -19
3 7 19
3 8 -18
3 8 18
3 9 -17
3 9 17
3 10 -16
3 10 16
3 11 -15
3 11 15
3 12 -14
3 12 14
3 13 -13
3 13 13
3 14 -12
3 14 12
3 15 -11
3 15 11
3 16 -10
3 16 10
3 17 -9
3 17 9
3 18 -8
3 18 8
3 19 -7
3 19 7
3 20 -6
3 20 6
3 21 -5
3 21 5
3 22 -4
3 22 4
3 23 -3
3 23 3
3 24 -2
3 24 2
3 25 -1
3 25 1
3 26 0
4 -25 0
4 -24 -1
4 -24 1
4 -23 -2
4 -23 2
4 -22 -3
4 -22 3
4 -21 -4
4 -21 4
4 -20 -5
4 -20 5
4 -19 -6
4 -19 6
4 -18 -7
4 -18 7
4 -17 -8
4 -17 8
4 -16 -9
4 -16 9
4 -15 -10
4 -15 10
4 -14 -11
4 -14 11
4 -13 -12
4 -13 12
4 -12 -13
4 -12 13
4 -11 -14
4 -11 14
4 -10 -15
4 -10 15
4 -9 -16
4 -9 16
4 -8 -17
4 -8 17
4 -7 -18
4 -7 18
4 -6 -19
4 -6 19
4 -5 -20
4 -5 20
4 -4 -21
4 -4 21
4 -3 -22
4 -3 22
4 -2 -23
4 -2 23
4 -1 -24
4 -1 24
4 0 -25
4 0 25
4 1 -24
4 1 24
4 2 -23
4 2 23
4 3 -22
4 3 22
4 4 -21
4 4 21
4 5 -20
4 5 20
4 6 -19
4 6 19
4 7 -18
4 7 18
4 8 -17
4 8 17
4 9 -16
4 9 16
4 10 -15
4 10 15
4 11 -14
4 11 14
4 12 -13
4 12 13
4 13 -12
4 13 12
4 14 -11
4 14 11
4 15 -10
4 15 10
4 16 -9
4 16 9
4 17 -8
4 17 8
4 18 -7
4 18 7
4 19 -6
4 19 6
4 20 -5
4 20 5
4 21 -4
4 21 4
4 22 -3
4 22 3
4 23 -2
4 23 2
4 24 -1
4 24 1
4 25 0
5 -24 0
5 -23 -1
5 -23 1
5 -22 -2
5 -22 2
5 -21 -3
5 -21 3
5 -20 -4
5 -20 4
5 -19 -5
5 -19 5
5 -18 -6
5 -18 6
5 -17 -7
5 -17 7
5 -16 -8
5 -16 8
5 -15 -9
5 -15 9
5 -14 -10
5 -14 10
5 -13 -11
5 -13 11
5 -12 -12
5 -12 12
5 -11 -13
5 -11 13
5 -10 -14
5 -10 14
5 -9 -15
5 -9 15
5 -8 -16
5 -8 16
5 -7 -17
5 -7 17
5 -6 -18
5 -6 18
5 -5 -19
5 -5 19
5 -4 -20
5 -4 20
5 -3 -21
5 -3 21
5 -2 -22
5 -2 22
5 -1 -23
5 -1 23
5 0 -24
5 0 24
5 1 -23
5 1 23
5 2 -22
5 2 22
5 3 -21
5 3 21
5 4 -20
5 4 20
5 5 -19
5 5 19
5 6 -18
5 6 18
5 7 -17
5 7 17
5 8 -16
5 8 16
5 9 -15
5 9 15
5 10 -14
5 10 14
5 11 -13
5 11 13
5 12 -12
5 12 12
5 13 -11
5 13 11
5 14 -10
5 14 10
5 15 -9
5 15 9
5 16 -8
5 16 8
5 17 -7
5 17 7
5 18 -6
5 18 6
5 19 -5
5 19 5
5 20 -4
5 20 4
5 21 -3
5 21 3
5 22 -2
5 22 2
5 23 -1
5 23 1
5 24 0
6 -23 0
6 -22 -1
6 -22 1
6 -21 -2
6 -21 2
6 -20 -3
6 -20 3
6 -19 -4
6 -19 4
6 -18 -5
6 -18 5
6 -17 -6
6 -17 6
6 -16 -7
6 -16 7
6 -15 -8
6 -15 8
6 -14 -9
6 -14 9
6 -13 -10
6 -13 10
6 -12 -11
6 -12 11
6 -11 -12
6 -11 12
6 -10 -13
6 -10 13
6 -9 -14
6 -9 14
6 -8 -15
6 -8 15
6 -7 -16
6 -7 16
6 -6 -17
6 -6 17
6 -5 -18
6 -5 18
6 -4 -19
6 -4 19
6 -3 -20
6 -3 20
6 -2 -21
6 -2 21
6 -1 -22
6 -1 22
6 0 -23
6 0 23
6 1 -22
6 1 22
6 2 -21
6 2 21
6 3 -20
6 3 20
6 4 -19
6 4 19
6 5 -18
6 5 18
6 6 -17
6 6 17
6 7 -16
6 7 16
6 8 -15
6 8 15
6 9 -14
6 9 14
6 10 -13
6 10 13
6 11 -12
6 11 12
6 12 -11
6 12 11
6 13 -10
6 13 10
6 14 -9
6 14 9
6 15 -8
6 15 8
6 16 -7
6 16 7
6 17 -6
6 17 6
6 18 -5
6 18 5
6 19 -4
6 19 4
6 20 -3
6 20 3
6 21 -2
6 21 2
6 22 -1
6 22 1
6 23 0
7 -22 0
7 -21 -1
7 -21 1
7 -20 -2
7 -20 2
7 -19 -3
7 -19 3
7 -18 -4
7 -18 4
7 -17 -5
7 -17 5
7 -16 -6
7 -16 6
7 -15 -7
7 -15 7
7 -14 -8
7 -14 8
7 -13 -9
7 -13 9
7 -12 -10
7 -12 10
7 -11 -11
7 -11 11
7 -10 -12
7 -10 12
7 -9 -13
7 -9 13
7 -8 -14
7 -8 14
7 -7 -15
7 -7 15
7 -6 -16
7 -6 16
7 -5 -17
7 -5 17
7 -4 -18
7 -4 18
7 -3 -19
7 -3 19
7 -2 -20
7 -2 20
7 -1 -21
7 -1 21
7 0 -22
7 0 22
7 1 -21
7 1 21
7 2 -20
7 2 20
7 3 -19
7 3 19
7 4 -18
7 4 18
7 5 -17
7 5 17
7 6 -16
7 6 16
7 7 -15
7 7 15
7 8 -14
7 8 14
7 9 -13
7 9 13
7 10 -12
7 10 12
7 11 -11
7 11 11
7 12 -10
7 12 10
7 13 -9
7 13 9
7 14 -8
7 14 8
7 15 -7
7 15 7
7 16 -6
7 16 6
7 17 -5
7 17 5
7 18 -4
7 18 4
7 19 -3
7 19 3
7 20 -2
7 20 2
7 21 -1
7 21 1
7 22 0
8 -21 0
8 -20 -1
8 -20 1
8 -19 -2
8 -19 2
8 -18 -3
8 -18 3
8 -17 -4
8 -17 4
8 -16 -5
8 -16 5
8 -15 -6
8 -15 6
8 -14 -7
8 -14 7
8 -13 -8
8 -13 8
8 -12 -9
8 -12 9
8 -11 -10
8 -11 10
8 -10 -11
8 -10 11
8 -9 -12
8 -9 12
8 -8 -13
8 -8 13
8 -7 -14
8 -7 14
8 -6 -15
8 -6 15
8 -5 -16
8 -5 16
8 -4 -17
8 -4 17
8 -3 -18
8 -3 18
8 -2 -19
8 -2 19
8 -1 -20
8 -1 20
8 0 -21
8 0 21
8 1 -20
8 1 20
8 2 -19
8 2 19
8 3 -18
8 3 18
8 4 -17
8 4 17
8 5 -16
8 5 16
8 6 -15
8 6 15
8 7 -14
8 7 14
8 8 -13
8 8 13
8 9 -12
8 9 12
8 10 -11
8 10 11
8 11 -10
8 11 10
8 12 -9
8 12 9
8 13 -8
8 13 8
8 14 -7
8 14 7
8 15 -6
8 15 6
8 16 -5
8 16 5
8 17 -4
8 17 4
8 18 -3
8 18 3
8 19 -2
8 19 2
8 20 -1
8 20 1
8 21 0
9 -20 0
9 -19 -1
9 -19 1
9 -18 -2
9 -18 2
9 -17 -3
9 -17 3
9 -16 -4
9 -16 4
9 -15 -5
9 -15 5
9 -14 -6
9 -14 6
9 -13 -7
9 -13 7
9 -12 -8
9 -12 8
9 -11 -9
9 -11 9
9 -10 -10
9 -10 10
9 -9 -11
9 -9 11
9 -8 -12
9 -8 12
9 -7 -13
9 -7 13
9 -6 -14
9 -6 14
9 -5 -15
9 -5 15
9 -4 -16
9 -4 16
9 -3 -17
9 -3 17
9 -2 -18
9 -2 18
9 -1 -19
9 -1 19
9 0 -20
9 0 20
9 1 -19
9 1 19
9 2 -18
9 2 18
9 3 -17
9 3 17
9 4 -16
9 4 16
9 5 -15
9 5 15
9 6 -14
9 6 14
9 7 -13
9 7 13
9 8 -12
9 8 12
9 9 -11
9 9 11
9 10 -10
9 10 10
9 11 -9
9 11 9
9 12 -8
9 12 8
9 13 -7
9 13 7
9 14 -6
9 14 6
9 15 -5
9 15 5
9 16 -4
9 16 4
9 17 -3
9 17 3
9 18 -2
9 18 2
9 19 -1
9 19 1
9 20 0
10 -19 0
10 -18 -1
10 -18 1
10 -17 -2
10 -17 2
10 -16 -3
10 -16 3
10 -15 -4
10 -15 4
10 -14 -5
10 -14 5
10 -13 -6
10 -13 6
10 -12 -7
10 -12 7
10 -11 -8
10 -11 8
10 -10 -9
10 -10 9
10 -9 -10
10 -9 10
10 -8 -11
10 -8 11
10 -7 -12
10 -7 12
10 -6 -13
10 -6 13
10 -5 -14
10 -5 14
10 -4 -15
10 -4 15
10 -3 -16
10 -3 16
10 -2 -17
10 -2 17
10 -1 -18
10 -1 18
10 0 -19
10 0 19
10 1 -18
10 1 18
10 2 -17
10 2 17
10 3 -16
10 3 16
10 4 -15
10 4 15
10 5 -14
10 5 14
10 6 -13
10 6 13
10 7 -12
10 7 12
10 8 -11
10 8 11
10 9 -10
10 9 10
10 10 -9
10 10 9
10 11 -8
10 11 8
10 12 -7
10 12 7
10 13 -6
10 13 6
10 14 -5
10 14 5
10 15 -4
10 15 4
10 16 -3
10 16 3
10 17 -2
10 17 2
10 18 -1
10 18 1
10 19 0
11 -18 0
11 -17 -1
11 -17 1
11 -16 -2
11 -16 2
11 -15 -3
11 -15 3
11 -14 -4
11 -14 4
11 -13 -5
11 -13 5
11 -12 -6
11 -12 6
11 -11 -7
11 -11 7
11 -10 -8
11 -10 8
11 -9 -9
11 -9 9
11 -8 -10
11 -8 10
11 -7 -11
11 -7 11
11 -6 -12
11 -6 12
11 -5 -13
11 -5 13
11 -4 -14
11 -4 14
11 -3 -15
11 -3 15
11 -2 -16
11 -2 16
11 -1 -17
11 -1 17
11 0 -18
11 0 18
11 1 -17
11 1 17
11 2 -16
11 2 16
11 3 -15
11 3 15
11 4 -14
11 4 14
11 5 -13
11 5 13
11 6 -12
11 6 12
11 7 -11
11 7 11
11 8 -10
11 8 10
11 9 -9
11 9 9
11 10 -8
11 10 8
11 11 -7
11 11 7
11 12 -6
11 12 6
11 13 -5
11 13 5
11 14 -4
11 14 4
11 15 -3
11 15 3
11 16 -2
11 16 2
11 17 -1
11 17 1
11 18 0
12 -17 0
12 -16 -1
12 -16 1
12 -15 -2
12 -15 2
12 -14 -3
12 -14 3
12 -13 -4
12 -13 4
12 -12 -5
12 -12 5
12 -11 -6
12 -11 6
12 -10 -7
12 -10 7
12 -9 -8
12 -9 8
12 -8 -9
12 -8 9
12 -7 -10
12 -7 10
12 -6 -11
12 -6 11
12 -5 -12
12 -5 12
12 -4 -13
12 -4 13
12 -3 -14
12 -3 14
12 -2 -15
12 -2 15
12 -1 -16
12 -1 16
12 0 -17
12 0 17
12 1 -16
12 1 16
12 2 -15
12 2 15
12 3 -14
12 3 14
12 4 -13
12 4 13
12 5 -12
12 5 12
12 6 -11
12 6 11
12 7 -10
12 7 10
12 8 -9
12 8 9
12 9 -8
12 9 8
12 10 -7
12 10 7
12 11 -6
12 11 6
12 12 -5
12 12 5
12 13 -4
12 13 4
12 14 -3
12 14 3
12 15 -2
12 15 2
12 16 -1
12 16 1
12 17 0
13 -16 0
13 -15 -1
13 -15 1
13 -14 -2
13 -14 2
13 -13 -3
13 -13 3
13 -12 -4
13 -12 4
13 -11 -5
13 -11 5
13 -10 -6
13 -10 6
13 -9 -7
13 -9 7
13 -8 -8
13 -8 8
13 -7 -9
13 -7 9
13 -6 -10
13 -6 10
13 -5 -11
13 -5 11
13 -4 -12
13 -4 12
13 -3 -13
13 -3 13
13 -2 -14
13 -2 14
13 -1 -15
13 -1 15
13 0 -16
13 0 16
13 1 -15
13 1 15
13 2 -14
13 2 14
13 3 -13
13 3 13
13 4 -12
13 4 12
13 5 -11
13 5 11
13 6 -10
13 6 10
13 7 -9
13 7 9
13 8 -8
13 8 8
13 9 -7
13 9 7
13 10 -6
13 10 6
13 11 -5
13 11 5
13 12 -4
13 12 4
13 13 -3
13 13 3
13 14 -2
13 14 2
13 15 -1
13 15 1
13 16 0
14 -15 0
14 -14 -1
14 -14 1
14 -13 -2
14 -13 2
14 -12 -3
14 -12 3
14 -11 -4
14 -11 4
14 -10 -5
14 -10 5
14 -9 -6
14 -9 6
14 -8 -7
14 -8 7
14 -7 -8
14 -7 8
14 -6 -9
14 -6 9
14 -5 -10
14 -5 10
14 -4 -11
14 -4 11
14 -3 -12
14 -3 12
14 -2 -13
14 -2 13
14 -1 -14
14 -1 14
14 0 -15
14 0 15
14 1 -14
14 1 14
14 2 -13
14 2 13
14 3 -12
14 3 12
14 4 -11
14 4 11
14 5 -10
14 5 10
14 6 -9
14 6 9
14 7 -8
14 7 8
14 8 -7
14 8 7
14 9 -6
14 9 6
14 10 -5
14 10 5
14 11 -4
14 11 4
14 12 -3
14 12 3
14 13 -2
14 13 2
14 14 -1
14 14 1
14 15 0
15 -14 0
15 -13 -1
15 -13 1
15 -12 -2
15 -12 2
15 -11 -3
15 -11 3
15 -10 -4
15 -10 4
15 -9 -5
15 -9 5
15 -8 -6
15 -8 6
15 -7 -7
15 -7 7
15 -6 -8
15 -6 8
15 -5 -9
15 -5 9
15 -4 -10
15 -4 10
15 -3 -11
15 -3 11
15 -2 -12
15 -2 12
15 -1 -13
15 -1 13
15 0 -14
15 0 14
15 1 -13
15 1 13
15 2 -12
15 2 12
15 3 -11
15 3 11
15 4 -10
15 4 10
15 5 -9
15 5 9
15 6 -8
15 6 8
15 7 -7
15 7 7
15 8 -6
15 8 6
15 9 -5
15 9 5
15 10 -4
15 10 4
15 11 -3
15 11 3
15 12 -2
15 12 2
15 13 -1
15 13 1
15 14 0
16 -13 0
16 -12 -1
16 -12 1
16 -11 -2
16 -11 2
16 -10 -3
16 -10 3
16 -9 -4
16 -9 4
16 -8 -5
16 -8 5
16 -7 -6
16 -7 6
16 -6 -7
16 -6 7
16 -5 -8
16 -5 8
16 -4 -9
16 -4 9
16 -3 -10
16 -3 10
16 -2 -11
16 -2 11
16 -1 -12
16 -1 12
16 0 -13
16 0 13
16 1 -12
16 1 12
16 2 -11
16 2 11
16 3 -10
16 3 10
16 4 -9
16 4 9
16 5 -8
16 5 8
16 6 -7
16 6 7
16 7 -6
16 7 6
16 8 -5
16 8 5
16 9 -4
16 9 4
16 10 -3
16 10 3
16 11 -2
16 11 2
16 12 -1
16 12 1
16 13 0
17 -12 0
17 -11 -1
17 -11 1
17 -10 -2
17 -10 2
17 -9 -3
17 -9 3
17 -8 -4
17 -8 4
17 -7 -5
17 -7 5
17 -6 -6
17 -6 6
17 -5 -7
17 -5 7
17 -4 -8
17 -4 8
17 -3 -9
17 -3 9
17 -2 -10
17 -2 10
17 -1 -11
17 -1 11
17 0 -12
17 0 12
17 1 -11
17 1 11
17 2 -10
17 2 10
17 3 -9
17 3 9
17 4 -8
17 4 8
17 5 -7
17 5 7
17 6 -6
17 6 6
17 7 -5
17 7 5
17 8 -4
17 8 4
17 9 -3
17 9 3
17 10 -2
17 10 2
17 11 -1
17 11 1
17 12 0
18 -11 0
18 -10 -1
18 -10 1
18 -9 -2
18 -9 2
18 -8 -3
18 -8 3
18 -7 -4
18 -7 4
18 -6 -5
18 -6 5
18 -5 -6
18 -5 6
18 -4 -7
18 -4 7
18 -3 -8
18 -3 8
18 -2 -9
18 -2 9
18 -1 -10
18 -1 10
18 0 -11
18 0 11
18 1 -10
18 1 10
18 2 -9
18 2 9
18 3 -8
18 3 8
18 4 -7
18 4 7
18 5 -6
18 5 6
18 6 -5
18 6 5
18 7 -4
18 7 4
18 8 -3
18 8 3
18 9 -2
18 9 2
18 10 -1
18 10 1
18 11 0
19 -10 0
19 -9 -1
19 -9 1
19 -8 -2
19 -8 2
19 -7 -3
19 -7 3
19 -6 -4
19 -6 4
19 -5 -5
19 -5 5
19 -4 -6
19 -4 6
19 -3 -7
19 -3 7
19 -2 -8
19 -2 8
19 -1 -9
19 -1 9
19 0 -10
19 0 10
19 1 -9
19 1 9
19 2 -8
19 2 8
19 3 -7
19 3 7
19 4 -6
19 4 6
19 5 -5
19 5 5
19 6 -4
19 6 4
19 7 -3
19 7 3
19 8 -2
19 8 2
19 9 -1
19 9 1
19 10 0
20 -9 0
20 -8 -1
20 -8 1
20 -7 -2
20 -7 2
20 -6 -3
20 -6 3
20 -5 -4
20 -5 4
20 -4 -5
20 -4 5
20 -3 -6
20 -3 6
20 -2 -7
20 -2 7
20 -1 -8
20 -1 8
20 0 -9
20 0 9
20 1 -8
20 1 8
20 2 -7
20 2 7
20 3 -6
20 3 6
20 4 -5
20 4 5
20 5 -4
20 5 4
20 6 -3
20 6 3
20 7 -2
20 7 2
20 8 -1
20 8 1
20 9 0
21 -8 0
21 -7 -1
21 -7 1
21 -6 -2
21 -6 2
21 -5 -3
21 -5 3
21 -4 -4
21 -4 4
21 -3 -5
21 -3 5
21 -2 -6
21 -2 6
21 -1 -7
21 -1 7
21 0 -8
21 0 8
21 1 -7
21 1 7
21 2 -6
21 2 6
21 3 -5
21 3 5
21 4 -4
21 4 4
21 5 -3
21 5 3
21 6 -2
21 6 2
21 7 -1
21 7 1
21 8 0
22 -7 0
22 -6 -1
22 -6 1
22 -5 -2
22 -5 2
22 -4 -3
22 -4 3
22 -3 -4
22 -3 4
22 -2 -5
22 -2 5
22 -1 -6
22 -1 6
22 0 -7
22 0 7
22 1 -6
22 1 6
22 2 -5
22 2 5
22 3 -4
22 3 4
22 4 -3
22 4 3
22 5 -2
22 5 2
22 6 -1
22 6 1
22 7 0
23 -6 0
23 -5 -1
23 -5 1
23 -4 -2
23 -4 2
23 -3 -3
23 -3 3
23 -2 -4
23 -2 4
23 -1 -5
23 -1 5
23 0 -6
23 0 6
23 1 -5
23 1 5
23 2 -4
23 2 4
23 3 -3
23 3 3
23 4 -2
23 4 2
23 5 -1
23 5 1
23 6 0
24 -5 0
24 -4 -1
24 -4 1
24 -3 -2
24 -3 2
24 -2 -3
24 -2 3
24 -1 -4
24 -1 4
24 0 -5
24 0 5
24 1 -4
24 1 4
24 2 -3
24 2 3
24 3 -2
24 3 2
24 4 -1
24 4 1
24 5 0
25 -4 0
25 -3 -1
25 -3 1
25 -2 -2
25 -2 2
25 -1 -3
25 -1 3
25 0 -4
25 0 4
25 1 -3
25 1 3
25 2 -2
25 2 2
25 3 -1
25 3 1
25 4 0
26 -3 0
26 -2 -1
26 -2 1
26 -1 -2
26 -1 2
26 0 -3
26 0 3
26 1 -2
26 1 2
26 2 -1
26 2 1
26 3 0
27 -2 0
27 -1 -1
27 -1 1
27 0 -2
27 0 2
27 1 -1
27 1 1
27 2 0
28 -1 0
28 0 -1
28 0 1
28 1 0
29 0 0
