21 69
21 70
21 71
21 72
21 73
21 74
22 66
22 67
22 68
22 75
22 76
22 77
23 63
23 64
23 65
23 78
23 79
23 80
24 60
24 61
24 62
24 81
24 82
24 83
24 84
25 57
25 58
25 59
25 85
25 86
25 87
26 54
26 55
26 56
26 88
26 89
26 90
27 51
27 52
27 53
27 91
27 92
27 93
28 48
28 49
28 50
28 94
28 95
28 96
29 44
29 45
29 46
29 47
29 97
29 98
29 99
30 42
30 43
30 100
30 101
30 102
31 41
31 102
32 40
32 103
33 40
33 104
34 39
34 105
35 38
35 105
36 37
36 106
37 37
37 107
38 36
38 107
39 35
39 108
40 34
40 109
41 34
41 110
42 33
42 110
43 32
43 111
44 32
44 112
45 31
45 113
46 30
46 113
47 29
47 114
48 29
48 115
49 28
49 115
50 27
50 116
51 26
51 117
52 26
52 118
53 25
53 118
54 24
54 119
55 24
55 120
56 23
56 120
57 23
57 120
58 23
58 120
59 23
59 120
60 23
60 120
61 23
61 120
62 23
62 120
63 23
63 120
64 23
64 120
65 23
65 120
66 23
66 120
67 23
67 120
68 23
68 120
69 23
69 120
70 23
70 120
71 23
71 120
72 23
72 120
73 23
73 120
74 23
74 120
75 23
75 120
76 23
76 120
77 23
77 120
78 23
78 120
79 23
79 120
80 23
80 120
81 23
81 120
82 23
82 120
83 23
83 120
84 23
84 120
85 23
85 120
86 23
86 120
87 23
87 120
88 23
88 120
89 24
89 119
90 25
90 119
91 25
91 118
92 26
92 117
93 27
93 116
94 28
94 116
95 28
95 115
96 29
96 114
97 30
97 114
98 31
98 113
99 31
99 112
100 32
100 111
101 33
101 111
102 33
102 110
103 34
103 109
104 35
104 108
105 36
105 108
106 36
106 107
107 37
107 106
108 38
108 106
109 39
109 105
110 39
110 104
111 40
111 103
112 41
112 103
113 41
113 42
113 101
113 102
114 43
114 44
114 45
114 98
114 99
114 100
115 46
115 47
115 48
115 95
115 96
115 97
116 49
116 50
116 51
116 52
116 92
116 93
116 94
117 53
117 54
117 55
117 89
117 90
117 91
118 56
118 57
118 58
118 86
118 87
118 88
119 59
119 60
119 61
119 83
119 84
119 85
120 62
120 63
120 64
120 80
120 81
120 82
121 65
121 66
121 67
121 76
121 77
121 78
121 79
122 68
122 69
122 70
122 73
122 74
122 75
123 71
123 72
